         0
         0
         0
         0
         0
         0
         0
         0
         0
         0
    0.0001
    0.0152
    0.0554
    0.1204
    0.2098
    0.3231
    0.4595
    0.6182
    0.7982
    0.9983
    1.2173
    1.4539
    1.7064
    1.9733
    2.2531
    2.5439
    2.8437
    3.1509
    3.4636
    3.7795
    4.0968
    4.4136
    4.7277
    5.0373
    5.3403
    5.6349
    5.9193
    6.1916
    6.4503
    6.6933
    6.9195
    7.1273
    7.3155
    7.4829
    7.6283
    7.7509
    7.8499
    7.9248
    7.9748
    8.0000
    8.0000
    7.9748
    7.9248
    7.8499
    7.7509
    7.6283
    7.4829
    7.3155
    7.1273
    6.9196
    6.6933
    6.4503
    6.1917
    5.9193
    5.6351
    5.3404
    5.0373
    4.7277
    4.4136
    4.0968
    3.7795
    3.4636
    3.1509
    2.8437
    2.5439
    2.2531
    1.9733
    1.7064
    1.4539
    1.2173
    0.9983
    0.7982
    0.6182
    0.4595
    0.3231
    0.2098
    0.1204
    0.0554
    0.0152
    0.0001
         0
         0
         0
         0
         0
         0
         0
         0
         0
         0
