1.3173,-1.2866
1.3092,-1.2827
1.3012,-1.2787
1.2932,-1.2748
1.2853,-1.2708
1.2774,-1.2668
1.2695,-1.2628
1.2617,-1.2588
1.2539,-1.2547
1.2461,-1.2507
1.2383,-1.2467
1.2306,-1.2426
1.223,-1.2385
1.2153,-1.2345
1.2077,-1.2304
1.2001,-1.2263
1.1926,-1.2222
1.1851,-1.218
1.1776,-1.2139
1.1702,-1.2097
1.1628,-1.2056
1.1554,-1.2014
1.1481,-1.1972
1.1408,-1.193
1.1335,-1.1888
1.1263,-1.1846
1.1191,-1.1804
1.1119,-1.1762
1.1048,-1.1719
1.0977,-1.1677
1.0906,-1.1634
1.0836,-1.1591
1.0766,-1.1548
1.0696,-1.1505
1.0627,-1.1462
1.0558,-1.1419
1.0489,-1.1375
1.0421,-1.1332
1.0353,-1.1288
1.0285,-1.1245
1.0218,-1.1201
1.0151,-1.1157
1.0085,-1.1113
1.0018,-1.1069
0.99524,-1.1025
0.98868,-1.098
0.98216,-1.0936
0.97568,-1.0891
0.96922,-1.0847
0.9628,-1.0802
0.95642,-1.0757
0.95007,-1.0712
0.94375,-1.0667
0.93747,-1.0622
0.93122,-1.0577
0.92501,-1.0531
0.91883,-1.0486
0.91268,-1.044
0.90657,-1.0394
0.9005,-1.0348
0.89445,-1.0302
0.88845,-1.0256
0.88247,-1.021
0.87653,-1.0164
0.87063,-1.0118
0.86476,-1.0071
0.85892,-1.0024
0.85312,-0.99778
0.84735,-0.99309
0.84162,-0.9884
0.83592,-0.9837
0.83026,-0.97899
0.82463,-0.97427
0.81904,-0.96953
0.81348,-0.96479
0.80795,-0.96003
0.80246,-0.95527
0.797,-0.95049
0.79158,-0.9457
0.78619,-0.94091
0.78084,-0.9361
0.77552,-0.93128
0.77024,-0.92645
0.76499,-0.92161
0.75978,-0.91676
0.7546,-0.9119
0.74945,-0.90703
0.74434,-0.90215
0.73927,-0.89726
0.73423,-0.89236
0.72922,-0.88745
0.72425,-0.88252
0.71931,-0.87759
0.71441,-0.87265
0.70954,-0.86769
0.70471,-0.86273
0.69991,-0.85775
0.69515,-0.85277
0.69042,-0.84777
0.68573,-0.84277
0.68107,-0.83775
0.67645,-0.83273
0.67186,-0.82769
0.6673,-0.82264
0.66278,-0.81759
0.6583,-0.81252
0.65385,-0.80744
0.64944,-0.80235
0.64506,-0.79726
0.64071,-0.79215
0.6364,-0.78703
0.63213,-0.7819
0.62789,-0.77676
0.62368,-0.77161
0.61951,-0.76645
0.61538,-0.76128
0.61128,-0.75611
0.60721,-0.75092
0.60318,-0.74572
0.59919,-0.74051
0.59523,-0.73529
0.5913,-0.73006
0.58741,-0.72482
0.58356,-0.71957
0.57974,-0.71431
0.57595,-0.70904
0.5722,-0.70376
0.56848,-0.69847
0.5648,-0.69317
0.56116,-0.68786
0.55755,-0.68254
0.55398,-0.67721
0.55044,-0.67187
0.54693,-0.66652
0.54346,-0.66116
0.54003,-0.65579
0.53663,-0.65041
0.53326,-0.64502
0.52994,-0.63962
0.52664,-0.63421
0.52338,-0.62879
0.52016,-0.62336
0.51697,-0.61792
0.51382,-0.61248
0.5107,-0.60702
0.50762,-0.60155
0.50457,-0.59607
0.50156,-0.59058
0.49858,-0.58509
0.49564,-0.57958
0.49273,-0.57406
0.48986,-0.56853
0.48703,-0.563
0.48422,-0.55745
0.48146,-0.5519
0.47873,-0.54633
0.47603,-0.54076
0.47337,-0.53517
0.47075,-0.52958
0.46816,-0.52397
0.46561,-0.51836
0.46309,-0.51274
0.4606,-0.5071
0.45815,-0.50146
0.45574,-0.49581
0.45336,-0.49015
0.45102,-0.48448
0.44872,-0.4788
0.44644,-0.47311
0.44421,-0.46741
0.44201,-0.4617
0.43984,-0.45598
0.43771,-0.45025
0.43562,-0.44451
0.43356,-0.43877
0.43153,-0.43301
0.42954,-0.42724
0.42759,-0.42147
0.42567,-0.41568
0.42379,-0.40989
0.42194,-0.40409
0.42013,-0.39827
0.41835,-0.39245
0.41661,-0.38662
0.41491,-0.38078
0.41324,-0.37493
0.4116,-0.36907
0.41,-0.3632
0.40844,-0.35732
0.40691,-0.35144
0.40542,-0.34554
0.40396,-0.33964
0.40254,-0.33372
0.40115,-0.3278
0.3998,-0.32186
0.39848,-0.31592
0.3972,-0.30997
0.39596,-0.30401
0.39475,-0.29804
0.39357,-0.29206
0.39243,-0.28607
0.39133,-0.28008
0.39026,-0.27407
0.38923,-0.26806
0.38823,-0.26203
0.38727,-0.256
0.38634,-0.24996
0.38545,-0.24391
0.3846,-0.23785
0.38378,-0.23178
0.38299,-0.2257
0.38225,-0.21961
0.38153,-0.21351
0.38085,-0.20741
0.38021,-0.2013
0.3796,-0.19517
0.37903,-0.18904
0.3785,-0.1829
0.378,-0.17675
0.37753,-0.17059
0.3771,-0.16442
0.37671,-0.15825
0.37635,-0.15206
0.37603,-0.14587
0.37574,-0.13967
0.37549,-0.13346
0.37527,-0.12724
0.37509,-0.12101
0.37494,-0.11477
0.37483,-0.10852
0.37476,-0.10227
0.37472,-0.096006
0.37472,-0.089734
0.37475,-0.083453
0.37482,-0.077163
0.37492,-0.070865
0.37506,-0.064558
0.37523,-0.058243
0.37544,-0.051919
0.37568,-0.045586
0.37596,-0.039245
0.37628,-0.032895
0.37663,-0.026537
0.37702,-0.02017
0.37744,-0.013795
0.3779,-0.007411
0.37839,-0.0010187
0.37892,0.005382
0.37948,0.011791
0.38008,0.018209
0.38072,0.024635
0.38139,0.031069
0.3821,0.037512
0.38284,0.043964
0.38361,0.050423
0.38443,0.056891
0.38527,0.063368
0.38616,0.069852
0.38708,0.076345
0.38803,0.082847
0.38902,0.089356
0.39005,0.095874
0.39111,0.1024
0.3922,0.10893
0.39333,0.11548
0.3945,0.12203
0.3957,0.12859
0.39694,0.13515
0.39821,0.14173
0.39952,0.14831
0.40087,0.1549
0.40225,0.1615
0.40366,0.16811
0.40511,0.17473
0.4066,0.18135
0.40812,0.18798
0.40968,0.19463
0.41127,0.20127
0.4129,0.20793
0.41456,0.21459
0.41626,0.22127
0.41799,0.22795
0.41976,0.23463
0.42157,0.24133
0.42341,0.24804
0.42528,0.25475
0.42719,0.26147
0.42914,0.2682
0.43112,0.27493
0.43314,0.28167
0.43519,0.28843
0.43728,0.29519
0.4394,0.30195
0.44156,0.30873
0.44375,0.31551
0.44598,0.3223
0.44824,0.3291
0.45054,0.33591
0.45288,0.34272
0.45525,0.34954
0.45765,0.35637
0.4601,0.36321
0.46257,0.37005
0.46508,0.3769
0.46763,0.38376
0.47021,0.39063
0.47283,0.39751
0.47548,0.40439
0.47817,0.41128
0.48089,0.41818
0.48365,0.42508
0.48644,0.43199
0.48927,0.43892
0.49214,0.44584
0.49504,0.45278
0.49797,0.45972
0.50094,0.46667
0.50395,0.47363
0.50699,0.4806
0.51006,0.48757
0.51317,0.49455
0.51632,0.50154
0.5195,0.50853
0.52272,0.51553
0.52597,0.52254
0.52925,0.52956
0.53258,0.53658
0.53593,0.54362
0.53932,0.55065
0.54275,0.5577
0.54621,0.56475
0.54971,0.57181
0.55324,0.57888
0.55681,0.58596
0.56041,0.59304
0.56405,0.60013
0.56772,0.60722
0.57143,0.61433
0.57517,0.62144
0.57895,0.62856
0.58276,0.63568
0.58661,0.64281
0.5905,0.64995
0.59441,0.6571
0.59837,0.66425
0.60236,0.67141
0.60638,0.67858
0.61044,0.68575
0.61453,0.69293
0.61866,0.70012
0.62282,0.70732
0.62702,0.71452
0.63125,0.72173
0.63552,0.72894
0.63982,0.73617
0.64416,0.7434
0.64853,0.75063
0.65294,0.75788
0.65738,0.76513
0.66186,0.77238
0.66637,0.77965
0.67092,0.78692
0.6755,0.79419
0.68011,0.80148
0.68477,0.80877
0.68945,0.81606
0.69417,0.82337
0.69893,0.83068
0.70372,0.838
0.70854,0.84532
0.7134,0.85265
0.7183,0.85999
0.72323,0.86733
0.72819,0.87468
0.73319,0.88204
0.73823,0.8894
0.74329,0.89677
0.7484,0.90415
0.75353,0.91153
0.75871,0.91892
0.76391,0.92632
0.76916,0.93372
0.77443,0.94113
0.77974,0.94854
0.78509,0.95596
0.79047,0.96339
0.79588,0.97083
0.80133,0.97827
0.80682,0.98571
0.81233,0.99317
0.81789,1.0006
0.82347,1.0081
0.8291,1.0156
0.83475,1.023
0.84044,1.0305
0.84617,1.038
0.85193,1.0455
0.85772,1.053
0.86355,1.0605
0.86942,1.068
0.87531,1.0756
0.88124,1.0831
0.88721,1.0906
0.89321,1.0982
0.89925,1.1057
0.90532,1.1133
0.91142,1.1208
0.91756,1.1284
0.92373,1.136
0.92994,1.1435
0.93618,1.1511
0.94245,1.1587
0.94876,1.1663
0.95511,1.1739
0.96148,1.1815
0.9679,1.1891
0.97434,1.1967
0.98082,1.2044
0.98734,1.212
0.99389,1.2196
1.0005,1.2273
1.0071,1.2349
1.0137,1.2426
1.0204,1.2502
1.0271,1.2579
1.0339,1.2655
1.0407,1.2732
1.0475,1.2809
1.0544,1.2886
1.0612,1.2963
1.0682,1.304
1.0751,1.3117
1.0821,1.3194
1.0891,1.3271
1.0962,1.3348
1.1033,1.3426
1.1104,1.3503
1.1176,1.358
1.1248,1.3658
1.132,1.3735
1.1393,1.3813
1.1466,1.389
1.1539,1.3968
1.1613,1.4046
1.1687,1.4123
1.1761,1.4201
1.1836,1.4279
1.1911,1.4357
1.1986,1.4435
1.2062,1.4513
1.2138,1.4591
1.2214,1.4669
1.2291,1.4747
1.2368,1.4825
1.2445,1.4904
1.2523,1.4982
1.2601,1.506
1.2679,1.5139
1.2758,1.5217
1.2837,1.5296
1.2916,1.5375
1.2996,1.5453
1.3076,1.5532
1.3156,1.5611
1.3237,1.5689
1.3318,1.5768
1.3399,1.5847
1.3481,1.5926
1.3563,1.6005
1.3645,1.6084
1.3728,1.6163
1.3811,1.6242
1.3894,1.6322
1.3978,1.6401
1.4062,1.648
1.4146,1.6559
1.4231,1.6639
1.4316,1.6718
1.4402,1.6798
1.4487,1.6877
1.4573,1.6957
1.466,1.7036
1.4746,1.7116
1.4833,1.7196
1.4921,1.7276
1.5008,1.7355
1.5096,1.7435
1.5185,1.7515
1.5273,1.7595
1.5362,1.7675
1.5452,1.7755
1.5541,1.7835
1.5631,1.7915
1.5722,1.7996
1.5812,1.8076
1.5903,1.8156
1.5994,1.8236
1.6086,1.8317
1.6178,1.8397
1.627,1.8478
1.6363,1.8558
1.6456,1.8639
1.6549,1.8719
1.6643,1.88
1.6737,1.8881
1.6831,1.8961
1.6925,1.9042
1.702,1.9123
1.7116,1.9204
1.7211,1.9285
1.7307,1.9366
1.7403,1.9446
1.75,1.9528
1.7597,1.9609
1.7694,1.969
1.7791,1.9771
1.7889,1.9852
1.7987,1.9933
1.8086,2.0014
1.8184,2.0096
1.8284,2.0177
1.8383,2.0259
1.8483,2.034
1.8583,2.0421
1.8683,2.0503
1.8784,2.0584
1.8885,2.0666
1.8986,2.0748
1.9088,2.0829
1.919,2.0911
1.9292,2.0993
1.9395,2.1075
1.9498,2.1156
1.9601,2.1238
1.9705,2.132
1.9809,2.1402
1.9913,2.1484
2.0018,2.1566
2.0123,2.1648
2.0228,2.173
2.0333,2.1812
2.0439,2.1895
2.0545,2.1977
2.0652,2.2059
2.0759,2.2141
2.0866,2.2224
2.0973,2.2306
2.1081,2.2388
2.1189,2.2471
2.1298,2.2553
2.1406,2.2636
2.1515,2.2718
2.1625,2.2801
2.1734,2.2883
2.1844,2.2966
2.1955,2.3049
2.2065,2.3131
2.2176,2.3214
2.2287,2.3297
2.2399,2.338
2.2511,2.3462
2.2623,2.3545
2.2735,2.3628
2.2848,2.3711
2.2961,2.3794
2.3075,2.3877
2.3189,2.396
2.3303,2.4043
2.3417,2.4126
2.3532,2.4209
2.3647,2.4292
2.3762,2.4376
2.3878,2.4459
2.3993,2.4542
2.411,2.4625
2.4226,2.4709
2.4343,2.4792
2.446,2.4875
2.4578,2.4959
2.4696,2.5042
2.4814,2.5126
2.4932,2.5209
2.5051,2.5293
2.517,2.5376
2.5289,2.546
2.5409,2.5544
2.5529,2.5627
2.5649,2.5711
2.5769,2.5795
2.589,2.5878
2.6011,2.5962
2.6133,2.6046
2.6255,2.613
2.6377,2.6213
2.6499,2.6297
2.6622,2.6381
2.6745,2.6465
2.6868,2.6549
2.6992,2.6633
2.7116,2.6717
2.724,2.6801
2.7365,2.6885
2.7489,2.6969
2.7614,2.7053
2.774,2.7137
2.7866,2.7222
2.7992,2.7306
2.8118,2.739
2.8245,2.7474
2.8372,2.7558
2.8499,2.7643
2.8626,2.7727
2.8754,2.7811
2.8882,2.7896
2.9011,2.798
2.914,2.8064
2.9269,2.8149
2.9398,2.8233
2.9528,2.8318
2.9658,2.8402
2.9788,2.8487
2.9918,2.8571
3.0049,2.8656
3.018,2.874
3.0312,2.8825
3.0443,2.891
3.0575,2.8994
3.0708,2.9079
3.084,2.9164
3.0973,2.9248
3.1107,2.9333
3.124,2.9418
3.1374,2.9503
3.1508,2.9587
3.1642,2.9672
3.1777,2.9757
3.1912,2.9842
3.2047,2.9927
3.2183,3.0012
3.2319,3.0097
3.2455,3.0181
3.2591,3.0266
3.2728,3.0351
3.2865,3.0436
3.3002,3.0521
3.314,3.0606
3.3278,3.0691
3.3416,3.0776
3.3554,3.0861
3.3693,3.0947
3.3832,3.1032
3.3972,3.1117
3.4111,3.1202
3.4251,3.1287
3.4391,3.1372
3.4532,3.1457
3.4673,3.1543
3.4814,3.1628
3.4955,3.1713
3.5097,3.1798
3.5239,3.1884
3.5381,3.1969
3.5523,3.2054
3.5666,3.2139
3.5809,3.2225
3.5953,3.231
3.6096,3.2395
3.624,3.2481
3.6384,3.2566
3.6529,3.2652
3.6674,3.2737
3.6819,3.2822
3.6964,3.2908
3.711,3.2993
3.7256,3.3079
3.7402,3.3164
3.7548,3.325
3.7695,3.3335
3.7842,3.3421
3.7989,3.3506
3.8137,3.3592
3.8285,3.3677
3.8433,3.3763
3.8581,3.3848
3.873,3.3934
3.8879,3.402
3.9028,3.4105
3.9178,3.4191
3.9328,3.4276
3.9478,3.4362
3.9628,3.4448
3.9779,3.4533
3.993,3.4619
4.0081,3.4705
4.0232,3.479
4.0384,3.4876
4.0536,3.4962
4.0688,3.5047
4.0841,3.5133
4.0994,3.5219
4.1147,3.5304
4.13,3.539
4.1454,3.5476
4.1608,3.5562
4.1762,3.5647
4.1917,3.5733
4.2071,3.5819
4.2226,3.5905
4.2382,3.599
4.2537,3.6076
4.2693,3.6162
4.2849,3.6248
4.3006,3.6334
4.3162,3.6419
4.3319,3.6505
4.3476,3.6591
4.3634,3.6677
4.3792,3.6763
4.395,3.6848
4.4108,3.6934
4.4266,3.702
4.4425,3.7106
4.4584,3.7192
4.4744,3.7278
4.4903,3.7363
4.5063,3.7449
4.5223,3.7535
4.5383,3.7621
4.5544,3.7707
4.5705,3.7793
4.5866,3.7879
4.6028,3.7964
4.6189,3.805
4.6351,3.8136
4.6513,3.8222
4.6676,3.8308
4.6839,3.8394
4.7002,3.848
4.7165,3.8566
4.7328,3.8651
4.7492,3.8737
4.7656,3.8823
4.7821,3.8909
4.7985,3.8995
4.815,3.9081
4.8315,3.9167
4.848,3.9253
4.8646,3.9338
4.8812,3.9424
4.8978,3.951
4.9144,3.9596
4.9311,3.9682
4.9478,3.9768
4.9645,3.9854
4.9812,3.9939
4.998,4.0025
5.0148,4.0111
5.0316,4.0197
5.0484,4.0283
5.0653,4.0369
5.0822,4.0454
5.0991,4.054
5.116,4.0626
5.133,4.0712
5.15,4.0798
5.167,4.0884
5.1841,4.0969
5.2011,4.1055
5.2182,4.1141
5.2353,4.1227
5.2525,4.1313
5.2696,4.1398
5.2868,4.1484
5.304,4.157
5.3213,4.1656
5.3385,4.1741
5.3558,4.1827
5.3731,4.1913
5.3905,4.1999
5.4078,4.2084
5.4252,4.217
5.4426,4.2256
5.4601,4.2342
5.4775,4.2427
5.495,4.2513
5.5125,4.2599
5.5301,4.2684
5.5476,4.277
5.5652,4.2856
5.5828,4.2941
5.6004,4.3027
5.6181,4.3113
5.6358,4.3198
5.6535,4.3284
5.6712,4.3369
5.6889,4.3455
5.7067,4.3541
5.7245,4.3626
5.7423,4.3712
5.7602,4.3797
5.778,4.3883
5.7959,4.3968
5.8139,4.4054
5.8318,4.4139
5.8498,4.4225
5.8677,4.431
5.8858,4.4396
5.9038,4.4481
5.9218,4.4567
5.9399,4.4652
5.958,4.4738
5.9762,4.4823
5.9943,4.4908
6.0125,4.4994
6.0307,4.5079
6.0489,4.5165
6.0671,4.525
6.0854,4.5335
6.1037,4.542
6.122,4.5506
6.1403,4.5591
6.1587,4.5676
6.1771,4.5762
6.1955,4.5847
6.2139,4.5932
6.2324,4.6017
6.2508,4.6102
6.2693,4.6188
6.2878,4.6273
6.3064,4.6358
6.3249,4.6443
6.3435,4.6528
6.3621,4.6613
6.3808,4.6698
6.3994,4.6783
6.4181,4.6868
6.4368,4.6953
6.4555,4.7038
6.4742,4.7123
6.493,4.7208
6.5118,4.7293
6.5306,4.7378
6.5494,4.7463
6.5683,4.7548
6.5871,4.7633
6.606,4.7718
6.625,4.7803
6.6439,4.7887
6.6629,4.7972
6.6818,4.8057
6.7008,4.8142
6.7199,4.8226
6.7389,4.8311
6.758,4.8396
6.7771,4.848
6.7962,4.8565
6.8153,4.865
6.8345,4.8734
6.8536,4.8819
6.8728,4.8903
6.8921,4.8988
6.9113,4.9073
6.9306,4.9157
6.9498,4.9241
6.9691,4.9326
6.9885,4.941
7.0078,4.9495
7.0272,4.9579
7.0466,4.9663
7.066,4.9748
7.0854,4.9832
7.1049,4.9916
7.1243,5.0001
7.1438,5.0085
7.1633,5.0169
7.1829,5.0253
7.2024,5.0337
7.222,5.0422
7.2416,5.0506
7.2612,5.059
7.2808,5.0674
7.3005,5.0758
7.3202,5.0842
7.3399,5.0926
7.3596,5.101
7.3793,5.1094
7.3991,5.1178
7.4188,5.1261
7.4386,5.1345
7.4585,5.1429
7.4783,5.1513
7.4982,5.1597
7.518,5.168
7.5379,5.1764
7.5578,5.1848
7.5778,5.1931
7.5977,5.2015
7.6177,5.2099
7.6377,5.2182
7.6577,5.2266
7.6778,5.2349
7.6978,5.2433
7.7179,5.2516
7.738,5.2599
7.7581,5.2683
7.7782,5.2766
7.7984,5.2849
7.8185,5.2933
7.8387,5.3016
7.8589,5.3099
7.8792,5.3182
7.8994,5.3266
7.9197,5.3349
7.94,5.3432
7.9603,5.3515
7.9806,5.3598
8.0009,5.3681
8.0213,5.3764
8.0417,5.3847
8.0621,5.393
8.0825,5.4013
8.1029,5.4095
8.1234,5.4178
8.1439,5.4261
8.1644,5.4344
8.1849,5.4426
8.2054,5.4509
8.2259,5.4592
8.2465,5.4674
8.2671,5.4757
8.2877,5.4839
8.3083,5.4922
8.3289,5.5004
8.3496,5.5087
8.3703,5.5169
8.391,5.5252
8.4117,5.5334
8.4324,5.5416
8.4531,5.5498
8.4739,5.5581
8.4947,5.5663
8.5155,5.5745
8.5363,5.5827
8.5571,5.5909
8.578,5.5991
8.5989,5.6073
8.6198,5.6155
8.6407,5.6237
8.6616,5.6319
8.6825,5.6401
8.7035,5.6482
8.7244,5.6564
8.7454,5.6646
8.7664,5.6727
8.7875,5.6809
8.8085,5.6891
8.8296,5.6972
8.8507,5.7054
8.8717,5.7135
8.8929,5.7217
8.914,5.7298
8.9351,5.7379
8.9563,5.7461
8.9775,5.7542
8.9987,5.7623
9.0199,5.7704
9.0411,5.7786
9.0623,5.7867
9.0836,5.7948
9.1049,5.8029
9.1262,5.811
9.1475,5.8191
9.1688,5.8272
9.1902,5.8352
9.2115,5.8433
9.2329,5.8514
9.2543,5.8595
9.2757,5.8675
9.2971,5.8756
9.3186,5.8837
9.34,5.8917
9.3615,5.8998
9.383,5.9078
9.4045,5.9158
9.426,5.9239
9.4475,5.9319
9.4691,5.9399
9.4906,5.948
9.5122,5.956
9.5338,5.964
9.5554,5.972
9.5771,5.98
9.5987,5.988
9.6204,5.996
9.642,6.004
9.6637,6.012
9.6854,6.02
9.7071,6.028
9.7289,6.0359
9.7506,6.0439
9.7724,6.0519
9.7942,6.0598
9.816,6.0678
9.8378,6.0757
9.8596,6.0837
9.8814,6.0916
9.9033,6.0995
9.9252,6.1075
9.947,6.1154
9.9689,6.1233
9.9908,6.1312
10.013,6.1391
10.035,6.147
10.057,6.1549
10.079,6.1628
10.101,6.1707
10.123,6.1786
10.145,6.1865
10.167,6.1944
10.189,6.2022
10.211,6.2101
10.233,6.218
10.255,6.2258
10.277,6.2337
10.299,6.2415
10.321,6.2493
10.343,6.2572
10.366,6.265
10.388,6.2728
10.41,6.2807
10.432,6.2885
10.454,6.2963
10.476,6.3041
10.499,6.3119
10.521,6.3197
10.543,6.3274
10.565,6.3352
10.588,6.343
10.61,6.3508
10.632,6.3585
10.655,6.3663
10.677,6.3741
10.699,6.3818
10.722,6.3895
10.744,6.3973
10.767,6.405
10.789,6.4127
10.811,6.4205
10.834,6.4282
10.856,6.4359
10.879,6.4436
10.901,6.4513
10.924,6.459
10.946,6.4667
10.969,6.4744
10.991,6.482
11.014,6.4897
11.036,6.4974
11.059,6.505
11.081,6.5127
11.104,6.5203
11.126,6.528
11.149,6.5356
11.172,6.5432
11.194,6.5509
11.217,6.5585
11.24,6.5661
11.262,6.5737
11.285,6.5813
11.308,6.5889
11.33,6.5965
11.353,6.6041
11.376,6.6116
11.398,6.6192
11.421,6.6268
11.444,6.6343
11.467,6.6419
11.489,6.6494
11.512,6.657
11.535,6.6645
11.558,6.672
11.581,6.6796
11.603,6.6871
11.626,6.6946
11.649,6.7021
11.672,6.7096
11.695,6.7171
11.718,6.7246
11.741,6.732
11.764,6.7395
11.787,6.747
11.809,6.7544
11.832,6.7619
11.855,6.7693
11.878,6.7768
11.901,6.7842
11.924,6.7916
11.947,6.7991
11.97,6.8065
11.993,6.8139
12.016,6.8213
12.039,6.8287
12.062,6.8361
12.085,6.8435
12.108,6.8508
12.131,6.8582
12.155,6.8656
12.178,6.8729
12.201,6.8803
12.224,6.8876
12.247,6.895
12.27,6.9023
12.293,6.9096
12.316,6.9169
12.34,6.9243
12.363,6.9316
12.386,6.9389
12.409,6.9461
12.432,6.9534
12.455,6.9607
12.479,6.968
12.502,6.9752
12.525,6.9825
12.548,6.9898
12.572,6.997
12.595,7.0042
12.618,7.0115
12.641,7.0187
12.665,7.0259
12.688,7.0331
12.711,7.0403
12.735,7.0475
12.758,7.0547
12.781,7.0619
12.805,7.0691
12.828,7.0762
12.851,7.0834
12.875,7.0905
12.898,7.0977
12.921,7.1048
12.945,7.112
12.968,7.1191
12.991,7.1262
13.015,7.1333
13.038,7.1404
13.062,7.1475
13.085,7.1546
13.109,7.1617
13.132,7.1688
13.155,7.1758
13.179,7.1829
13.202,7.19
13.226,7.197
13.249,7.204
13.273,7.2111
13.296,7.2181
13.32,7.2251
13.343,7.2321
13.367,7.2391
13.39,7.2461
13.414,7.2531
13.437,7.2601
13.461,7.2671
13.485,7.274
13.508,7.281
13.532,7.2879
13.555,7.2949
13.579,7.3018
13.602,7.3088
13.626,7.3157
13.65,7.3226
13.673,7.3295
13.697,7.3364
13.72,7.3433
13.744,7.3502
13.768,7.357
13.791,7.3639
13.815,7.3708
13.839,7.3776
13.862,7.3845
13.886,7.3913
13.91,7.3981
13.933,7.405
13.957,7.4118
13.981,7.4186
14.004,7.4254
14.028,7.4322
14.052,7.439
14.075,7.4457
14.099,7.4525
14.123,7.4593
14.147,7.466
14.17,7.4728
14.194,7.4795
14.218,7.4862
14.242,7.4929
14.265,7.4997
14.289,7.5064
14.313,7.5131
14.337,7.5198
14.36,7.5264
14.384,7.5331
14.408,7.5398
14.432,7.5464
14.455,7.5531
14.479,7.5597
14.503,7.5664
14.527,7.573
14.551,7.5796
14.575,7.5862
14.598,7.5928
14.622,7.5994
14.646,7.606
14.67,7.6126
14.694,7.6191
14.717,7.6257
14.741,7.6322
14.765,7.6388
14.789,7.6453
14.813,7.6518
14.837,7.6584
14.861,7.6649
14.884,7.6714
14.908,7.6779
14.932,7.6844
14.956,7.6908
14.98,7.6973
15,7.7038
15,7.7102
15,7.7167
15,7.7231
15,7.7295
15,7.7359
15,7.7424
15,7.7488
15,7.7551
15,7.7615
15,7.7679
15,7.7743
15,7.7806
15,7.787
15,7.7933
15,7.7997
15,7.806
15,7.8123
15,7.8186
15,7.8249
15,7.8312
15,7.8375
15,7.8438
15,7.85
15,7.8563
15,7.8625
15,7.8688
15,7.875
15,7.8812
15,7.8874
15,7.8936
15,7.8998
15,7.906
15,7.9122
15,7.9184
15,7.9245
15,7.9307
15,7.9368
15,7.9429
15,7.9491
15,7.9552
15,7.9613
15,7.9674
15,7.9735
15,7.9796
15,7.9856
15,7.9917
15,7.9977
15,8.0038
15,8.0098
15,8.0158
15,8.0219
15,8.0279
15,8.0339
15,8.0398
15,8.0458
15,8.0518
15,8.0578
15,8.0637
15,8.0697
15,8.0756
15,8.0815
15,8.0874
15,8.0933
15,8.0992
15,8.1051
15,8.111
15,8.1169
15,8.1227
15,8.1286
15,8.1344
15,8.1403
15,8.1461
15,8.1519
15,8.1577
15,8.1635
15,8.1693
15,8.1751
15,8.1808
15,8.1866
15,8.1923
15,8.1981
15,8.2038
15,8.2095
15,8.2152
15,8.2209
15,8.2266
15,8.2323
15,8.238
15,8.2436
15,8.2493
15,8.2549
15,8.2606
15,8.2662
15,8.2718
15,8.2774
15,8.283
15,8.2886
15,8.2942
15,8.2997
15,8.3053
15,8.3108
15,8.3164
15,8.3219
15,8.3274
15,8.3329
15,8.3384
15,8.3439
15,8.3494
15,8.3549
15,8.3603
15,8.3658
15,8.3712
15,8.3766
15,8.3821
15,8.3875
15,8.3929
15,8.3983
15,8.4037
15,8.409
15,8.4144
15,8.4197
15,8.4251
15,8.4304
15,8.4357
15,8.441
15,8.4463
15,8.4516
15,8.4569
15,8.4622
15,8.4674
15,8.4727
15,8.4779
15,8.4832
15,8.4884
15,8.4936
15,8.4988
15,8.504
15,8.5092
15,8.5143
15,8.5195
15,8.5247
15,8.5298
15,8.5349
15,8.54
15,8.5452
15,8.5503
15,8.5553
15,8.5604
15,8.5655
15,8.5705
15,8.5756
15,8.5806
15,8.5857
15,8.5907
15,8.5957
15,8.6007
15,8.6057
15,8.6106
15,8.6156
15,8.6206
15,8.6255
15,8.6304
15,8.6354
15,8.6403
15,8.6452
15,8.6501
15,8.655
15,8.6598
15,8.6647
15,8.6695
15,8.6744
15,8.6792
15,8.684
15,8.6888
15,8.6936
15,8.6984
15,8.7032
15,8.708
15,8.7127
15,8.7175
15,8.7222
15,8.7269
15,8.7317
15,8.7364
15,8.741
15,8.7457
15,8.7504
15,8.7551
15,8.7597
15,8.7643
15,8.769
15,8.7736
15,8.7782
15,8.7828
15,8.7874
15,8.792
15,8.7965
15,8.8011
15,8.8056
15,8.8102
15,8.8147
15,8.8192
15,8.8237
15,8.8282
15,8.8327
15,8.8371
15,8.8416
15,8.846
15,8.8505
15,8.8549
15,8.8593
15,8.8637
15,8.8681
15,8.8725
15,8.8768
15,8.8812
15,8.8855
15,8.8899
15,8.8942
15,8.8985
15,8.9028
15,8.9071
15,8.9114
15,8.9157
15,8.9199
15,8.9242
15,8.9284
15,8.9326
15,8.9369
15,8.9411
15,8.9452
15,8.9494
15,8.9536
15,8.9578
15,8.9619
15,8.966
15,8.9702
15,8.9743
15,8.9784
15,8.9825
15,8.9866
15,8.9906
15,8.9947
15,8.9987
15,9.0028
15,9.0068
15,9.0108
15,9.0148
15,9.0188
15,9.0228
15,9.0268
15,9.0307
15,9.0347
15,9.0386
15,9.0425
15,9.0465
15,9.0504
15,9.0542
15,9.0581
15,9.062
15,9.0658
15,9.0697
15,9.0735
15,9.0773
15,9.0812
15,9.085
15,9.0887
15,9.0925
15,9.0963
15,9.1
15,9.1038
15,9.1075
15,9.1112
15,9.1149
15,9.1186
15,9.1223
15,9.126
15,9.1297
15,9.1333
15,9.137
15,9.1406
15,9.1442
15,9.1478
15,9.1514
15,9.155
15,9.1586
15,9.1621
15,9.1657
15,9.1692
15,9.1727
15,9.1762
15,9.1797
15,9.1832
15,9.1867
15,9.1902
15,9.1936
15,9.1971
15,9.2005
15,9.2039
15,9.2073
15,9.2107
15,9.2141
15,9.2175
15,9.2208
15,9.2242
15,9.2275
15,9.2309
15,9.2342
15,9.2375
15,9.2408
15,9.244
15,9.2473
15,9.2506
15,9.2538
15,9.257
15,9.2603
15,9.2635
15,9.2667
15,9.2699
15,9.273
15,9.2762
15,9.2793
15,9.2825
15,9.2856
15,9.2887
15,9.2918
15,9.2949
15,9.298
15,9.3011
15,9.3041
15,9.3072
15,9.3102
15,9.3132
15,9.3162
15,9.3192
15,9.3222
15,9.3252
15,9.3281
15,9.3311
15,9.334
15,9.3369
15,9.3399
15,9.3428
15,9.3456
15,9.3485
15,9.3514
15,9.3542
15,9.3571
15,9.3599
15,9.3627
15,9.3655
15,9.3683
15,9.3711
15,9.3739
15,9.3766
15,9.3794
15,9.3821
15,9.3848
15,9.3875
15,9.3902
15,9.3929
15,9.3956
15,9.3983
15,9.4009
15,9.4035
15,9.4062
15,9.4088
15,9.4114
15,9.414
15,9.4165
15,9.4191
15,9.4217
15,9.4242
15,9.4267
15,9.4292
15,9.4317
15,9.4342
15,9.4367
15,9.4392
15,9.4416
15,9.4441
15,9.4465
15,9.4489
15,9.4513
15,9.4537
15,9.4561
15,9.4585
15,9.4608
15,9.4632
15,9.4655
15,9.4678
15,9.4701
15,9.4724
15,9.4747
15,9.477
15,9.4792
15,9.4815
15,9.4837
15,9.4859
15,9.4882
15,9.4904
15,9.4925
15,9.4947
15,9.4969
15,9.499
15,9.5012
15,9.5033
15,9.5054
15,9.5075
15,9.5096
15,9.5117
15,9.5137
15,9.5158
15,9.5178
15,9.5198
15,9.5218
15,9.5238
15,9.5258
15,9.5278
15,9.5298
15,9.5317
15,9.5337
15,9.5356
15,9.5375
15,9.5394
15,9.5413
15,9.5432
15,9.545
15,9.5469
15,9.5487
15,9.5506
15,9.5524
15,9.5542
15,9.556
15,9.5577
15,9.5595
15,9.5613
15,9.563
15,9.5647
15,9.5664
15,9.5681
15,9.5698
15,9.5715
15,9.5732
15,9.5748
15,9.5765
15,9.5781
15,9.5797
15,9.5813
15,9.5829
15,9.5845
15,9.5861
15,9.5876
15,9.5892
15,9.5907
15,9.5922
15,9.5937
15,9.5952
15,9.5967
15,9.5981
15,9.5996
15,9.601
15,9.6025
15,9.6039
15,9.6053
15,9.6067
15,9.6081
15,9.6094
15,9.6108
15,9.6121
15,9.6134
15,9.6148
15,9.6161
15,9.6174
15,9.6186
15,9.6199
15,9.6212
15,9.6224
15,9.6236
15,9.6248
15,9.626
15,9.6272
15,9.6284
15,9.6296
15,9.6307
15,9.6319
15,9.633
15,9.6341
15,9.6352
15,9.6363
15,9.6374
15,9.6384
15,9.6395
15,9.6405
15,9.6416
15,9.6426
15,9.6436
15,9.6446
15,9.6455
15,9.6465
15,9.6475
15,9.6484
15,9.6493
15,9.6502
15,9.6511
15,9.652
15,9.6529
15,9.6538
15,9.6546
15,9.6554
15,9.6563
15,9.6571
15,9.6579
15,9.6587
15,9.6594
15,9.6602
15,9.661
15,9.6617
15,9.6624
15,9.6631
15,9.6638
15,9.6645
15,9.6652
15,9.6658
15,9.6665
15,9.6671
15,9.6677
15,9.6684
15,9.669
15,9.6695
15,9.6701
15,9.6707
15,9.6712
15,9.6717
15,9.6723
15,9.6728
15,9.6733
15,9.6738
15,9.6742
15,9.6747
15,9.6751
15,9.6756
15,9.676
15,9.6764
15,9.6768
15,9.6772
15,9.6775
15,9.6779
15,9.6782
15,9.6786
15,9.6789
15,9.6792
15,9.6795
15,9.6798
15,9.68
15,9.6803
15,9.6805
15,9.6808
15,9.681
15,9.6812
15,9.6814
15,9.6815
15,9.6817
15,9.6819
15,9.682
15,9.6821
15,9.6822
15,9.6823
15,9.6824
15,9.6825
15,9.6826
15,9.6826
15,9.6827
15,9.6827
15,9.6827
15,9.6827
15,9.6827
15,9.6827
15,9.6826
15,9.6826
15,9.6825
15,9.6824
15,9.6824
15,9.6823
15,9.6821
15,9.682
15,9.6819
15,9.6817
15,9.6816
15,9.6814
15,9.6812
15,9.681
15,9.6808
15,9.6806
15,9.6803
15,9.6801
15,9.6798
15,9.6795
15,9.6792
15,9.6789
15,9.6786
15,9.6783
15,9.6779
15,9.6776
15,9.6772
15,9.6768
15,9.6764
15,9.676
15,9.6756
15,9.6752
15,9.6747
15,9.6743
15,9.6738
15,9.6733
15,9.6728
15,9.6723
15,9.6718
15,9.6713
15,9.6707
15,9.6702
15,9.6696
15,9.669
15,9.6684
15,9.6678
15,9.6672
15,9.6666
15,9.6659
15,9.6653
15,9.6646
15,9.6639
15,9.6632
15,9.6625
15,9.6618
15,9.661
15,9.6603
15,9.6595
15,9.6588
15,9.658
15,9.6572
15,9.6564
15,9.6556
15,9.6547
15,9.6539
15,9.653
15,9.6521
15,9.6512
15,9.6503
15,9.6494
15,9.6485
15,9.6476
15,9.6466
15,9.6457
15,9.6447
15,9.6437
15,9.6427
15,9.6417
15,9.6407
15,9.6396
15,9.6386
15,9.6375
15,9.6364
15,9.6353
15,9.6342
15,9.6331
15,9.632
15,9.6309
15,9.6297
15,9.6286
15,9.6274
15,9.6262
15,9.625
15,9.6238
15,9.6226
15,9.6213
15,9.6201
15,9.6188
15,9.6175
15,9.6162
15,9.6149
15,9.6136
15,9.6123
15,9.6109
15,9.6096
15,9.6082
15,9.6069
15,9.6055
15,9.6041
15,9.6026
15,9.6012
15,9.5998
15,9.5983
15,9.5969
15,9.5954
15,9.5939
15,9.5924
15,9.5909
15,9.5894
15,9.5878
15,9.5863
15,9.5847
15,9.5831
15,9.5815
15,9.5799
15,9.5783
15,9.5767
15,9.575
15,9.5734
15,9.5717
15,9.5701
15,9.5684
15,9.5667
15,9.565
15,9.5632
15,9.5615
15,9.5597
15,9.558
15,9.5562
15,9.5544
15,9.5526
15,9.5508
15,9.549
15,9.5471
15,9.5453
15,9.5434
15,9.5415
15,9.5396
15,9.5377
15,9.5358
15,9.5339
15,9.532
15,9.53
15,9.5281
15,9.5261
15,9.5241
15,9.5221
15,9.5201
15,9.5181
15,9.516
15,9.514
15,9.5119
15,9.5098
15,9.5078
15,9.5057
15,9.5036
15,9.5014
15,9.4993
15,9.4971
15,9.495
15,9.4928
15,9.4906
15,9.4884
15,9.4862
15,9.484
15,9.4818
15,9.4795
15,9.4773
15,9.475
15,9.4727
15,9.4704
15,9.4681
15,9.4658
15,9.4635
15,9.4611
15,9.4588
15,9.4564
15,9.454
15,9.4516
15,9.4492
15,9.4468
15,9.4444
15,9.4419
15,9.4395
15,9.437
15,9.4345
15,9.4321
15,9.4296
15,9.427
15,9.4245
15,9.422
15,9.4194
15,9.4169
15,9.4143
15,9.4117
15,9.4091
15,9.4065
15,9.4039
15,9.4012
15,9.3986
15,9.3959
15,9.3933
15,9.3906
15,9.3879
15,9.3852
15,9.3825
15,9.3797
15,9.377
15,9.3742
15,9.3715
15,9.3687
15,9.3659
15,9.3631
15,9.3603
15,9.3574
15,9.3546
15,9.3518
15,9.3489
15,9.346
15,9.3431
15,9.3402
15,9.3373
15,9.3344
15,9.3315
15,9.3285
15,9.3256
15,9.3226
15,9.3196
15,9.3166
15,9.3136
15,9.3106
15,9.3076
15,9.3045
15,9.3015
15,9.2984
15,9.2953
15,9.2922
15,9.2891
15,9.286
15,9.2829
15,9.2798
15,9.2766
15,9.2734
15,9.2703
15,9.2671
15,9.2639
15,9.2607
15,9.2575
15,9.2542
15,9.251
15,9.2477
15,9.2445
15,9.2412
15,9.2379
15,9.2346
15,9.2313
15,9.228
15,9.2246
15,9.2213
15,9.2179
15,9.2145
15,9.2112
15,9.2078
15,9.2044
15,9.2009
15,9.1975
15,9.1941
15,9.1906
15,9.1872
15,9.1837
15,9.1802
15,9.1767
15,9.1732
15,9.1697
15,9.1661
15,9.1626
15,9.159
15,9.1554
15,9.1519
15,9.1483
15,9.1447
15,9.1411
15,9.1374
15,9.1338
15,9.1301
15,9.1265
15,9.1228
15,9.1191
15,9.1154
15,9.1117
15,9.108
15,9.1043
15,9.1005
15,9.0968
15,9.093
15,9.0892
15,9.0854
15,9.0816
15,9.0778
15,9.074
15,9.0702
15,9.0663
15,9.0625
15,9.0586
15,9.0547
15,9.0509
15,9.047
15,9.043
15,9.0391
15,9.0352
15,9.0312
15,9.0273
15,9.0233
15,9.0193
15,9.0153
15,9.0113
15,9.0073
15,9.0033
15,8.9993
15,8.9952
15,8.9912
15,8.9871
15,8.983
15,8.9789
15,8.9748
15,8.9707
15,8.9666
15,8.9624
15,8.9583
15,8.9541
15,8.95
15,8.9458
15,8.9416
15,8.9374
15,8.9332
15,8.929
15,8.9247
15,8.9205
15,8.9162
15,8.9119
15,8.9077
15,8.9034
15,8.8991
15,8.8948
15,8.8904
15,8.8861
15,8.8818
15,8.8774
15,8.873
15,8.8686
15,8.8643
15,8.8599
15,8.8554
15,8.851
15,8.8466
15,8.8421
15,8.8377
15,8.8332
15,8.8288
15,8.8243
15,8.8198
15,8.8153
15,8.8107
15,8.8062
15,8.8017
15,8.7971
15,8.7925
15,8.788
15,8.7834
15,8.7788
15,8.7742
15,8.7696
15,8.7649
15,8.7603
15,8.7557
15,8.751
15,8.7463
15,8.7416
15,8.737
15,8.7323
15,8.7275
15,8.7228
15,8.7181
15,8.7133
15,8.7086
15,8.7038
15,8.699
15,8.6943
15,8.6895
15,8.6847
15,8.6798
15,8.675
15,8.6702
15,8.6653
15,8.6605
15,8.6556
15,8.6507
15,8.6458
15,8.6409
15,8.636
15,8.6311
15,8.6261
15,8.6212
15,8.6162
15,8.6113
15,8.6063
15,8.6013
15,8.5963
15,8.5913
15,8.5863
15,8.5813
15,8.5762
15,8.5712
15,8.5661
15,8.5611
15,8.556
15,8.5509
15,8.5458
15,8.5407
15,8.5356
15,8.5305
15,8.5253
15,8.5202
15,8.515
15,8.5098
15,8.5047
15,8.4995
15,8.4943
15,8.4891
15,8.4838
15,8.4786
15,8.4734
15,8.4681
15,8.4629
15,8.4576
15,8.4523
15,8.447
15,8.4417
15,8.4364
15,8.4311
15,8.4258
15,8.4204
15,8.4151
15,8.4097
15,8.4043
15,8.399
15,8.3936
15,8.3882
15,8.3828
15,8.3773
15,8.3719
15,8.3665
15,8.361
15,8.3556
15,8.3501
15,8.3446
15,8.3391
15,8.3336
15,8.3281
15,8.3226
15,8.3171
15,8.3116
15,8.306
15,8.3005
15,8.2949
15,8.2893
15,8.2837
15,8.2781
15,8.2725
15,8.2669
15,8.2613
15,8.2557
15,8.25
15,8.2444
15,8.2387
15,8.233
15,8.2274
15,8.2217
15,8.216
15,8.2103
15,8.2045
15,8.1988
15,8.1931
15,8.1873
15,8.1816
15,8.1758
15,8.17
15,8.1642
15,8.1584
15,8.1526
15,8.1468
15,8.141
15,8.1352
15,8.1293
15,8.1235
15,8.1176
15,8.1118
15,8.1059
15,8.1
15,8.0941
15,8.0882
15,8.0823
15,8.0764
15,8.0704
15,8.0645
15,8.0585
15,8.0526
15,8.0466
15,8.0406
15,8.0346
15,8.0286
15,8.0226
15,8.0166
15,8.0106
15,8.0046
15,7.9985
15,7.9925
15,7.9864
15,7.9803
15,7.9743
15,7.9682
15,7.9621
15,7.956
15,7.9499
15,7.9437
15,7.9376
15,7.9315
15,7.9253
15,7.9191
15,7.913
15,7.9068
15,7.9006
15,7.8944
15,7.8882
15,7.882
15,7.8758
15,7.8696
15,7.8633
15,7.8571
15,7.8508
15,7.8446
15,7.8383
15,7.832
15,7.8257
15,7.8194
15,7.8131
15,7.8068
15,7.8005
15,7.7941
15,7.7878
15,7.7815
15,7.7751
15,7.7687
15,7.7624
15,7.756
15,7.7496
15,7.7432
15,7.7368
15,7.7303
15,7.7239
15,7.7175
15,7.711
15,7.7046
15,7.6981
15,7.6917
15,7.6852
15,7.6787
15,7.6722
15,7.6657
15,7.6592
15,7.6527
15,7.6462
15,7.6396
15,7.6331
15,7.6265
15,7.62
15,7.6134
15,7.6068
15,7.6002
15,7.5937
15,7.5871
15,7.5804
15,7.5738
15,7.5672
15,7.5606
15,7.5539
15,7.5473
15,7.5406
15,7.534
15,7.5273
15,7.5206
15,7.5139
15,7.5072
15,7.5005
15,7.4938
15,7.4871
15,7.4804
15,7.4736
15,7.4669
15,7.4601
15,7.4534
15,7.4466
15,7.4398
15,7.433
15,7.4263
15,7.4195
15,7.4127
15,7.4058
15,7.399
15,7.3922
15,7.3854
15,7.3785
15,7.3717
15,7.3648
15,7.3579
15,7.3511
15,7.3442
15,7.3373
15,7.3304
15,7.3235
15,7.3166
15,7.3096
15,7.3027
15,7.2958
15,7.2888
15,7.2819
15,7.2749
15,7.268
15,7.261
15,7.254
15,7.247
15,7.24
15,7.233
15,7.226
15,7.219
15,7.212
15,7.2049
15,7.1979
15,7.1909
15,7.1838
15,7.1767
15,7.1697
15,7.1626
15,7.1555
15,7.1484
15,7.1413
15,7.1342
15,7.1271
15,7.12
15,7.1129
15,7.1057
15,7.0986
15,7.0915
15,7.0843
15,7.0771
15,7.07
15,7.0628
15,7.0556
15,7.0484
15,7.0412
15,7.034
15,7.0268
15,7.0196
15,7.0124
15,7.0052
15,6.9979
15,6.9907
15,6.9834
15,6.9762
15,6.9689
15,6.9616
15,6.9544
15,6.9471
15,6.9398
15,6.9325
15,6.9252
15,6.9179
15,6.9106
15,6.9032
15,6.8959
15,6.8886
15,6.8812
15,6.8739
15,6.8665
15,6.8592
15,6.8518
15,6.8444
15,6.837
15,6.8296
15,6.8222
15,6.8148
15,6.8074
15,6.8
15,6.7926
15,6.7852
15,6.7777
15,6.7703
15,6.7628
15,6.7554
15,6.7479
15,6.7405
15,6.733
15,6.7255
15,6.718
15,6.7105
15,6.703
15,6.6955
15,6.688
15,6.6805
15,6.673
15,6.6655
15,6.6579
15,6.6504
15,6.6428
15,6.6353
15,6.6277
15,6.6202
15,6.6126
15,6.605
15,6.5974
15,6.5899
15,6.5823
15,6.5747
15,6.5671
15,6.5594
15,6.5518
15,6.5442
15,6.5366
15,6.5289
15,6.5213
15,6.5137
15,6.506
15,6.4983
15,6.4907
15,6.483
15,6.4753
15,6.4677
15,6.46
15,6.4523
15,6.4446
15,6.4369
15,6.4292
15,6.4215
15,6.4137
15,6.406
15,6.3983
15,6.3905
15,6.3828
15,6.375
15,6.3673
15,6.3595
15,6.3518
15,6.344
15,6.3362
15,6.3284
15,6.3207
15,6.3129
15,6.3051
15,6.2973
15,6.2895
15,6.2817
15,6.2738
15,6.266
15,6.2582
15,6.2504
15,6.2425
15,6.2347
15,6.2268
15,6.219
15,6.2111
15,6.2032
15,6.1954
15,6.1875
15,6.1796
15,6.1717
15,6.1638
15,6.156
15,6.1481
15,6.1402
15,6.1322
15,6.1243
15,6.1164
15,6.1085
15,6.1006
15,6.0926
15,6.0847
15,6.0767
15,6.0688
15,6.0608
15,6.0529
15,6.0449
15,6.0369
15,6.029
15,6.021
15,6.013
15,6.005
15,5.997
15,5.989
15,5.981
15,5.973
15,5.965
15,5.957
15,5.949
15,5.941
15,5.9329
15,5.9249
15,5.9169
15,5.9088
15,5.9008
15,5.8927
15,5.8847
15,5.8766
15,5.8686
15,5.8605
15,5.8524
15,5.8444
15,5.8363
15,5.8282
15,5.8201
15,5.812
15,5.8039
15,5.7958
15,5.7877
15,5.7796
15,5.7715
15,5.7634
15,5.7552
15,5.7471
15,5.739
15,5.7308
15,5.7227
15,5.7146
15,5.7064
15,5.6983
15,5.6901
15,5.682
15,5.6738
15,5.6656
15,5.6575
15,5.6493
15,5.6411
15,5.6329
15,5.6247
15,5.6165
15,5.6083
15,5.6002
15,5.592
15,5.5837
15,5.5755
15,5.5673
15,5.5591
15,5.5509
15,5.5427
15,5.5344
15,5.5262
15,5.518
15,5.5097
15,5.5015
15,5.4932
15,5.485
15,5.4767
15,5.4685
15,5.4602
15,5.452
15,5.4437
15,5.4354
15,5.4272
15,5.4189
15,5.4106
15,5.4023
15,5.394
15,5.3857
15,5.3775
15,5.3692
15,5.3609
15,5.3526
15,5.3442
15,5.3359
15,5.3276
15,5.3193
15,5.311
15,5.3027
15,5.2943
15,5.286
15,5.2777
15,5.2694
15,5.261
15,5.2527
15,5.2443
15,5.236
15,5.2276
15,5.2193
15,5.2109
15,5.2026
15,5.1942
15,5.1858
15,5.1775
15,5.1691
15,5.1607
15,5.1524
15,5.144
15,5.1356
15,5.1272
15,5.1188
15,5.1104
15,5.1021
15,5.0937
15,5.0853
15,5.0769
15,5.0685
15,5.0601
15,5.0516
15,5.0432
15,5.0348
15,5.0264
15,5.018
15,5.0096
15,5.0011
15,4.9927
15,4.9843
15,4.9759
15,4.9674
15,4.959
15,4.9506
15,4.9421
15,4.9337
15,4.9252
15,4.9168
15,4.9083
15,4.8999
15,4.8914
15,4.883
15,4.8745
15,4.8661
15,4.8576
15,4.8491
15,4.8407
15,4.8322
15,4.8237
15,4.8153
15,4.8068
15,4.7983
15,4.7898
15,4.7813
15,4.7729
15,4.7644
15,4.7559
15,4.7474
15,4.7389
15,4.7304
15,4.7219
15,4.7134
15,4.7049
15,4.6964
15,4.6879
15,4.6794
15,4.6709
15,4.6624
15,4.6539
15,4.6454
15,4.6369
15,4.6284
15,4.6199
15,4.6113
15,4.6028
15,4.5943
15,4.5858
15,4.5773
15,4.5687
15,4.5602
15,4.5517
15,4.5431
15,4.5346
15,4.5261
15,4.5175
15,4.509
15,4.5005
15,4.4919
15,4.4834
15,4.4749
15,4.4663
15,4.4578
15,4.4492
15,4.4407
15,4.4321
15,4.4236
15,4.415
15,4.4065
15,4.3979
15,4.3894
15,4.3808
15,4.3723
15,4.3637
15,4.3552
15,4.3466
15,4.338
15,4.3295
15,4.3209
15,4.3124
15,4.3038
15,4.2952
15,4.2867
15,4.2781
15,4.2695
15,4.261
15,4.2524
15,4.2438
15,4.2353
15,4.2267
15,4.2181
15,4.2095
15,4.201
15,4.1924
15,4.1838
15,4.1752
15,4.1667
15,4.1581
15,4.1495
15,4.1409
15,4.1324
15,4.1238
15,4.1152
15,4.1066
15,4.098
15,4.0895
15,4.0809
15,4.0723
15,4.0637
15,4.0551
15,4.0465
15,4.038
15,4.0294
15,4.0208
15,4.0122
15,4.0036
15,3.995
15,3.9865
15,3.9779
15,3.9693
15,3.9607
15,3.9521
15,3.9435
15,3.9349
15,3.9264
15,3.9178
15,3.9092
15,3.9006
15,3.892
15,3.8834
15,3.8748
15,3.8662
15,3.8577
15,3.8491
15,3.8405
15,3.8319
15,3.8233
15,3.8147
15,3.8061
15,3.7975
15,3.789
15,3.7804
15,3.7718
15,3.7632
15,3.7546
15,3.746
15,3.7374
15,3.7289
15,3.7203
15,3.7117
15,3.7031
15,3.6945
15,3.6859
15,3.6774
15,3.6688
15,3.6602
15,3.6516
15,3.643
15,3.6345
15,3.6259
15,3.6173
15,3.6087
15,3.6001
15,3.5916
15,3.583
15,3.5744
15,3.5658
15,3.5573
15,3.5487
15,3.5401
15,3.5315
15,3.523
15,3.5144
15,3.5058
15,3.4973
15,3.4887
15,3.4801
15,3.4716
15,3.463
15,3.4544
15,3.4459
15,3.4373
15,3.4287
15,3.4202
15,3.4116
15,3.4031
15,3.3945
15,3.3859
15,3.3774
15,3.3688
15,3.3603
15,3.3517
15,3.3432
15,3.3346
15,3.3261
15,3.3175
15,3.309
15,3.3004
15,3.2919
15,3.2833
15,3.2748
15,3.2663
15,3.2577
15,3.2492
15,3.2406
15,3.2321
15,3.2236
15,3.215
15,3.2065
15,3.198
15,3.1895
15,3.1809
15,3.1724
15,3.1639
15,3.1554
15,3.1468
15,3.1383
15,3.1298
15,3.1213
15,3.1128
15,3.1043
15,3.0957
15,3.0872
15,3.0787
15,3.0702
15,3.0617
15,3.0532
15,3.0447
15,3.0362
15,3.0277
15,3.0192
15,3.0107
15,3.0023
15,2.9938
15,2.9853
15,2.9768
15,2.9683
15,2.9598
15,2.9513
15,2.9429
15,2.9344
15,2.9259
15,2.9175
15,2.909
15,2.9005
15,2.8921
15,2.8836
15,2.8751
15,2.8667
15,2.8582
15,2.8498
15,2.8413
15,2.8329
15,2.8244
15,2.816
15,2.8075
15,2.7991
15,2.7906
15,2.7822
15,2.7738
15,2.7653
15,2.7569
15,2.7485
15,2.7401
15,2.7317
15,2.7232
15,2.7148
15,2.7064
15,2.698
15,2.6896
15,2.6812
15,2.6728
15,2.6644
15,2.656
15,2.6476
15,2.6392
15,2.6308
15,2.6224
15,2.614
15,2.6057
15,2.5973
15,2.5889
15,2.5805
15,2.5722
15,2.5638
15,2.5554
15,2.5471
15,2.5387
15,2.5303
15,2.522
15,2.5136
15,2.5053
15,2.497
15,2.4886
15,2.4803
15,2.4719
15,2.4636
15,2.4553
15,2.447
15,2.4386
15,2.4303
15,2.422
15,2.4137
15,2.4054
15,2.3971
15,2.3888
15,2.3805
15,2.3722
15,2.3639
15,2.3556
15,2.3473
15,2.339
15,2.3307
15,2.3225
15,2.3142
15,2.3059
15,2.2977
15,2.2894
15,2.2811
15,2.2729
15,2.2646
15,2.2564
15,2.2481
15,2.2399
15,2.2316
15,2.2234
15,2.2152
15,2.207
15,2.1987
15,2.1905
15,2.1823
15,2.1741
15,2.1659
15,2.1577
15,2.1495
15,2.1413
15,2.1331
15,2.1249
15,2.1167
15,2.1085
15,2.1003
15,2.0922
15,2.084
15,2.0758
15,2.0677
15,2.0595
15,2.0513
15,2.0432
15,2.035
15,2.0269
15,2.0188
15,2.0106
15,2.0025
15,1.9944
15,1.9862
15,1.9781
15,1.97
15,1.9619
15,1.9538
15,1.9457
15,1.9376
15,1.9295
15,1.9214
15,1.9133
15,1.9052
15,1.8972
15,1.8891
15,1.881
15,1.873
15,1.8649
15,1.8568
15,1.8488
15,1.8408
15,1.8327
15,1.8247
15,1.8166
15,1.8086
15,1.8006
15,1.7926
15,1.7846
15,1.7765
15,1.7685
15,1.7605
15,1.7525
15,1.7446
15,1.7366
15,1.7286
15,1.7206
15,1.7126
15,1.7047
15,1.6967
15,1.6887
15,1.6808
15,1.6728
15,1.6649
15,1.657
15,1.649
15,1.6411
15,1.6332
15,1.6252
15,1.6173
15,1.6094
15,1.6015
15,1.5936
15,1.5857
15,1.5778
15,1.5699
15,1.5621
15,1.5542
15,1.5463
15,1.5385
15,1.5306
15,1.5227
15,1.5149
15,1.5071
15,1.4992
15,1.4914
15,1.4836
15,1.4757
15,1.4679
15,1.4601
15,1.4523
15,1.4445
15,1.4367
15,1.4289
15,1.4211
15,1.4133
15,1.4056
15,1.3978
15,1.39
15,1.3823
15,1.3745
15,1.3668
15,1.359
15,1.3513
15,1.3435
15,1.3358
15,1.3281
15,1.3204
15,1.3127
15,1.305
15,1.2973
15,1.2896
15,1.2819
15,1.2742
15,1.2665
15,1.2589
15,1.2512
15,1.2435
15,1.2359
15,1.2282
15,1.2206
15,1.213
15,1.2053
15,1.1977
15,1.1901
15,1.1825
15,1.1749
15,1.1673
15,1.1597
15,1.1521
15,1.1445
15,1.1369
15,1.1294
15,1.1218
15,1.1142
15,1.1067
15,1.0991
15,1.0916
15,1.0841
15,1.0765
15,1.069
15,1.0615
15,1.054
15,1.0465
15,1.039
15,1.0315
15,1.024
15,1.0165
15,1.0091
15,1.0016
15,0.99412
15,0.98667
15,0.97922
15,0.97178
15,0.96435
15,0.95692
15,0.94949
15,0.94208
15,0.93467
15,0.92727
15,0.91987
15,0.91248
15,0.9051
15,0.89772
15,0.89035
15,0.88298
15,0.87563
15,0.86828
15,0.86093
15,0.85359
15,0.84626
15,0.83894
15,0.83162
15,0.82431
15,0.817
15,0.8097
15,0.80241
15,0.79513
15,0.78785
15,0.78058
15,0.77332
15,0.76606
15,0.75881
15,0.75156
15,0.74433
15,0.7371
15,0.72987
15,0.72265
15,0.71545
15,0.70824
15,0.70105
15,0.69386
15,0.68668
15,0.6795
15,0.67233
15,0.66517
15,0.65802
15,0.65087
15,0.64373
15,0.6366
15,0.62947
15,0.62235
15,0.61524
15,0.60814
15,0.60104
15,0.59395
15,0.58687
15,0.57979
15,0.57272
15,0.56566
15,0.55861
15,0.55156
15,0.54452
15,0.53749
15,0.53046
15,0.52344
15,0.51643
15,0.50943
15,0.50243
15,0.49545
15,0.48846
15,0.48149
15,0.47452
15,0.46757
15,0.46061
15,0.45367
15,0.44673
15,0.4398
15,0.43288
15,0.42597
15,0.41906
15,0.41216
15,0.40527
15,0.39839
15,0.39151
15,0.38464
15,0.37778
15,0.37093
15,0.36409
15,0.35725
15,0.35042
15,0.34359
15,0.33678
15,0.32997
15,0.32317
15,0.31638
15,0.3096
15,0.30282
15,0.29605
15,0.28929
15,0.28254
15,0.2758
15,0.26906
15,0.26233
15,0.25561
15,0.2489
15,0.24219
15,0.23549
15,0.22881
15,0.22212
15,0.21545
15,0.20879
15,0.20213
15,0.19548
15,0.18884
15,0.1822
15,0.17558
15,0.16896
15,0.16235
15,0.15575
15,0.14916
15,0.14257
15,0.136
15,0.12943
15,0.12287
15,0.11632
15,0.10977
15,0.10324
15,0.096712
15,0.090193
15,0.083682
15,0.07718
15,0.070686
15,0.0642
15,0.057723
15,0.051254
15,0.044793
15,0.038341
15,0.031897
15,0.025461
15,0.019034
15,0.012615
15,0.0062048
15,-0.00019708
15,-0.0065905
15,-0.012975
15,-0.019352
15,-0.02572
15,-0.032079
15,-0.03843
15,-0.044772
15,-0.051106
15,-0.057431
15,-0.063747
15,-0.070055
15,-0.076355
15,-0.082645
15,-0.088927
15,-0.095201
15,-0.10147
15,-0.10772
15,-0.11397
15,-0.12021
15,-0.12644
15,-0.13266
15,-0.13887
15,-0.14507
15,-0.15127
15,-0.15745
15,-0.16363
15,-0.1698
15,-0.17596
15,-0.18211
15,-0.18825
15,-0.19439
15,-0.20051
15,-0.20662
15,-0.21273
15,-0.21883
15,-0.22492
15,-0.231
15,-0.23707
15,-0.24313
15,-0.24918
15,-0.25522
15,-0.26126
15,-0.26728
15,-0.2733
15,-0.27931
15,-0.2853
15,-0.29129
15,-0.29727
15,-0.30324
15,-0.30921
15,-0.31516
15,-0.3211
15,-0.32704
15,-0.33296
15,-0.33888
15,-0.34478
15,-0.35068
15,-0.35657
15,-0.36245
15,-0.36832
15,-0.37418
15,-0.38003
15,-0.38587
15,-0.3917
15,-0.39753
15,-0.40334
15,-0.40915
15,-0.41494
15,-0.42073
15,-0.4265
15,-0.43227
15,-0.43803
15,-0.44377
15,-0.44951
15,-0.45524
15,-0.46096
15,-0.46667
15,-0.47237
15,-0.47807
15,-0.48375
15,-0.48942
15,-0.49508
15,-0.50074
15,-0.50638
15,-0.51201
15,-0.51764
15,-0.52325
15,-0.52886
15,-0.53445
15,-0.54004
15,-0.54562
15,-0.55118
15,-0.55674
15,-0.56229
15,-0.56782
15,-0.57335
15,-0.57887
15,-0.58438
15,-0.58988
15,-0.59537
15,-0.60085
15,-0.60631
15,-0.61177
15,-0.61722
15,-0.62266
15,-0.62809
15,-0.63351
15,-0.63893
15,-0.64433
15,-0.64972
15,-0.6551
15,-0.66047
15,-0.66583
15,-0.67118
15,-0.67652
15,-0.68185
15,-0.68717
15,-0.69249
15,-0.69779
15,-0.70308
15,-0.70836
15,-0.71363
15,-0.71889
15,-0.72414
15,-0.72938
15,-0.73462
15,-0.73984
14.985,-0.74505
14.961,-0.75025
14.937,-0.75544
14.913,-0.76062
14.889,-0.76579
14.866,-0.77095
14.842,-0.7761
14.818,-0.78124
14.794,-0.78637
14.77,-0.79149
14.746,-0.7966
14.722,-0.8017
14.699,-0.80679
14.675,-0.81187
14.651,-0.81694
14.627,-0.82199
14.603,-0.82704
14.579,-0.83208
14.556,-0.83711
14.532,-0.84213
14.508,-0.84713
14.484,-0.85213
14.46,-0.85711
14.437,-0.86209
14.413,-0.86706
14.389,-0.87201
14.365,-0.87696
14.342,-0.88189
14.318,-0.88681
14.294,-0.89173
14.27,-0.89663
14.247,-0.90152
14.223,-0.90641
14.199,-0.91128
14.175,-0.91614
14.152,-0.92099
14.128,-0.92583
14.104,-0.93066
14.08,-0.93548
14.057,-0.94029
14.033,-0.94509
14.009,-0.94988
13.986,-0.95465
13.962,-0.95942
13.938,-0.96418
13.915,-0.96892
13.891,-0.97366
13.867,-0.97838
13.844,-0.9831
13.82,-0.9878
13.796,-0.99249
13.773,-0.99717
13.749,-1.0018
13.725,-1.0065
13.702,-1.0112
13.678,-1.0158
13.655,-1.0204
13.631,-1.025
13.607,-1.0297
13.584,-1.0342
13.56,-1.0388
13.537,-1.0434
13.513,-1.048
13.489,-1.0525
13.466,-1.0571
13.442,-1.0616
13.419,-1.0661
13.395,-1.0706
13.372,-1.0751
13.348,-1.0796
13.325,-1.0841
13.301,-1.0886
13.278,-1.093
13.254,-1.0975
13.231,-1.1019
13.207,-1.1063
13.184,-1.1107
13.16,-1.1151
13.137,-1.1195
13.113,-1.1239
13.09,-1.1283
13.067,-1.1326
13.043,-1.137
13.02,-1.1413
12.996,-1.1456
12.973,-1.15
12.95,-1.1543
12.926,-1.1586
12.903,-1.1628
12.879,-1.1671
12.856,-1.1714
12.833,-1.1756
12.809,-1.1799
12.786,-1.1841
12.763,-1.1883
12.739,-1.1925
12.716,-1.1967
12.693,-1.2009
12.67,-1.205
12.646,-1.2092
12.623,-1.2134
12.6,-1.2175
12.576,-1.2216
12.553,-1.2257
12.53,-1.2298
12.507,-1.2339
12.484,-1.238
12.46,-1.2421
12.437,-1.2461
12.414,-1.2502
12.391,-1.2542
12.368,-1.2583
12.344,-1.2623
12.321,-1.2663
12.298,-1.2703
12.275,-1.2742
12.252,-1.2782
12.229,-1.2822
12.206,-1.2861
12.182,-1.2901
12.159,-1.294
12.136,-1.2979
12.113,-1.3018
12.09,-1.3057
12.067,-1.3096
12.044,-1.3134
12.021,-1.3173
11.998,-1.3211
11.975,-1.325
11.952,-1.3288
11.929,-1.3326
11.906,-1.3364
11.883,-1.3402
11.86,-1.344
11.837,-1.3477
11.814,-1.3515
11.791,-1.3552
11.768,-1.359
11.745,-1.3627
11.723,-1.3664
11.7,-1.3701
11.677,-1.3738
11.654,-1.3775
11.631,-1.3811
11.608,-1.3848
11.585,-1.3884
11.563,-1.392
11.54,-1.3957
11.517,-1.3993
11.494,-1.4029
11.471,-1.4064
11.449,-1.41
11.426,-1.4136
11.403,-1.4171
11.38,-1.4206
11.358,-1.4242
11.335,-1.4277
11.312,-1.4312
11.29,-1.4347
11.267,-1.4382
11.244,-1.4416
11.222,-1.4451
11.199,-1.4485
11.176,-1.4519
11.154,-1.4554
11.131,-1.4588
11.109,-1.4622
11.086,-1.4656
11.063,-1.4689
11.041,-1.4723
11.018,-1.4756
10.996,-1.479
10.973,-1.4823
10.951,-1.4856
10.928,-1.4889
10.906,-1.4922
10.883,-1.4955
10.861,-1.4988
10.838,-1.502
10.816,-1.5053
10.794,-1.5085
10.771,-1.5117
10.749,-1.5149
10.726,-1.5181
10.704,-1.5213
10.682,-1.5245
10.659,-1.5276
10.637,-1.5308
10.615,-1.5339
10.592,-1.5371
10.57,-1.5402
10.548,-1.5433
10.526,-1.5464
10.503,-1.5494
10.481,-1.5525
10.459,-1.5556
10.437,-1.5586
10.415,-1.5616
10.392,-1.5647
10.37,-1.5677
10.348,-1.5707
10.326,-1.5737
10.304,-1.5766
10.282,-1.5796
10.26,-1.5825
10.237,-1.5855
10.215,-1.5884
10.193,-1.5913
10.171,-1.5942
10.149,-1.5971
10.127,-1.6
10.105,-1.6028
10.083,-1.6057
10.061,-1.6085
10.039,-1.6114
10.017,-1.6142
9.9954,-1.617
9.9735,-1.6198
9.9516,-1.6226
9.9297,-1.6253
9.9079,-1.6281
9.886,-1.6308
9.8642,-1.6336
9.8423,-1.6363
9.8205,-1.639
9.7987,-1.6417
9.777,-1.6444
9.7552,-1.647
9.7334,-1.6497
9.7117,-1.6524
9.69,-1.655
9.6683,-1.6576
9.6466,-1.6602
9.6249,-1.6628
9.6032,-1.6654
9.5816,-1.668
9.56,-1.6706
9.5383,-1.6731
9.5167,-1.6756
9.4952,-1.6782
9.4736,-1.6807
9.452,-1.6832
9.4305,-1.6857
9.409,-1.6882
9.3875,-1.6906
9.366,-1.6931
9.3445,-1.6955
9.3231,-1.698
9.3016,-1.7004
9.2802,-1.7028
9.2588,-1.7052
9.2374,-1.7075
9.216,-1.7099
9.1946,-1.7123
9.1733,-1.7146
9.152,-1.717
9.1306,-1.7193
9.1093,-1.7216
9.0881,-1.7239
9.0668,-1.7262
9.0456,-1.7284
9.0243,-1.7307
9.0031,-1.7329
8.9819,-1.7352
8.9607,-1.7374
8.9396,-1.7396
8.9184,-1.7418
8.8973,-1.744
8.8762,-1.7462
8.8551,-1.7483
8.834,-1.7505
8.8129,-1.7526
8.7919,-1.7547
8.7709,-1.7568
8.7498,-1.7589
8.7289,-1.761
8.7079,-1.7631
8.6869,-1.7652
8.666,-1.7672
8.645,-1.7693
8.6241,-1.7713
8.6032,-1.7733
8.5824,-1.7753
8.5615,-1.7773
8.5407,-1.7793
8.5199,-1.7812
8.4991,-1.7832
8.4783,-1.7851
8.4575,-1.787
8.4368,-1.789
8.416,-1.7909
8.3953,-1.7927
8.3746,-1.7946
8.3539,-1.7965
8.3333,-1.7983
8.3126,-1.8002
8.292,-1.802
8.2714,-1.8038
8.2508,-1.8056
8.2302,-1.8074
8.2097,-1.8092
8.1892,-1.811
8.1687,-1.8127
8.1482,-1.8145
8.1277,-1.8162
8.1072,-1.8179
8.0868,-1.8196
8.0664,-1.8213
8.046,-1.823
8.0256,-1.8246
8.0052,-1.8263
7.9849,-1.8279
7.9645,-1.8296
7.9442,-1.8312
7.9239,-1.8328
7.9037,-1.8344
7.8834,-1.8359
7.8632,-1.8375
7.843,-1.8391
7.8228,-1.8406
7.8026,-1.8421
7.7824,-1.8437
7.7623,-1.8452
7.7422,-1.8466
7.7221,-1.8481
7.702,-1.8496
7.682,-1.851
7.6619,-1.8525
7.6419,-1.8539
7.6219,-1.8553
7.6019,-1.8567
7.582,-1.8581
7.562,-1.8595
7.5421,-1.8609
7.5222,-1.8622
7.5023,-1.8636
7.4825,-1.8649
7.4626,-1.8662
7.4428,-1.8675
7.423,-1.8688
7.4032,-1.8701
7.3835,-1.8714
7.3637,-1.8726
7.344,-1.8738
7.3243,-1.8751
7.3046,-1.8763
7.2849,-1.8775
7.2653,-1.8787
7.2457,-1.8799
7.2261,-1.881
7.2065,-1.8822
7.187,-1.8833
7.1674,-1.8844
7.1479,-1.8856
7.1284,-1.8867
7.1089,-1.8878
7.0895,-1.8888
7.07,-1.8899
7.0506,-1.8909
7.0312,-1.892
7.0119,-1.893
6.9925,-1.894
6.9732,-1.895
6.9539,-1.896
6.9346,-1.897
6.9153,-1.898
6.8961,-1.8989
6.8769,-1.8998
6.8577,-1.9008
6.8385,-1.9017
6.8193,-1.9026
6.8002,-1.9035
6.7811,-1.9043
6.762,-1.9052
6.7429,-1.9061
6.7239,-1.9069
6.7048,-1.9077
6.6858,-1.9085
6.6668,-1.9093
6.6479,-1.9101
6.6289,-1.9109
6.61,-1.9117
6.5911,-1.9124
6.5722,-1.9131
6.5534,-1.9139
6.5345,-1.9146
6.5157,-1.9153
6.4969,-1.916
6.4782,-1.9166
6.4594,-1.9173
6.4407,-1.9179
6.422,-1.9186
6.4033,-1.9192
6.3847,-1.9198
6.366,-1.9204
6.3474,-1.921
6.3288,-1.9216
6.3103,-1.9221
6.2917,-1.9227
6.2732,-1.9232
6.2547,-1.9237
6.2362,-1.9242
6.2178,-1.9247
6.1993,-1.9252
6.1809,-1.9257
6.1625,-1.9261
6.1442,-1.9266
6.1258,-1.927
6.1075,-1.9274
6.0892,-1.9278
6.071,-1.9282
6.0527,-1.9286
6.0345,-1.929
6.0163,-1.9293
5.9981,-1.9297
5.98,-1.93
5.9618,-1.9303
5.9437,-1.9306
5.9256,-1.9309
5.9076,-1.9312
5.8895,-1.9315
5.8715,-1.9317
5.8535,-1.932
5.8356,-1.9322
5.8176,-1.9324
5.7997,-1.9326
5.7818,-1.9328
5.7639,-1.933
5.7461,-1.9332
5.7282,-1.9333
5.7104,-1.9335
5.6927,-1.9336
5.6749,-1.9337
5.6572,-1.9338
5.6395,-1.9339
5.6218,-1.934
5.6041,-1.934
5.5865,-1.9341
5.5689,-1.9341
5.5513,-1.9341
5.5337,-1.9342
5.5162,-1.9342
5.4987,-1.9342
5.4812,-1.9341
5.4637,-1.9341
5.4463,-1.934
5.4289,-1.934
5.4115,-1.9339
5.3941,-1.9338
5.3768,-1.9337
5.3595,-1.9336
5.3422,-1.9335
5.3249,-1.9333
5.3076,-1.9332
5.2904,-1.933
5.2732,-1.9328
5.2561,-1.9327
5.2389,-1.9324
5.2218,-1.9322
5.2047,-1.932
5.1876,-1.9318
5.1706,-1.9315
5.1536,-1.9312
5.1366,-1.931
5.1196,-1.9307
5.1027,-1.9304
5.0857,-1.9301
5.0688,-1.9297
5.052,-1.9294
5.0351,-1.929
5.0183,-1.9287
5.0015,-1.9283
4.9847,-1.9279
4.968,-1.9275
4.9513,-1.9271
4.9346,-1.9266
4.9179,-1.9262
4.9013,-1.9257
4.8847,-1.9253
4.8681,-1.9248
4.8515,-1.9243
4.835,-1.9238
4.8185,-1.9233
4.802,-1.9227
4.7855,-1.9222
4.7691,-1.9216
4.7527,-1.9211
4.7363,-1.9205
4.7199,-1.9199
4.7036,-1.9193
4.6873,-1.9187
4.671,-1.918
4.6548,-1.9174
4.6385,-1.9167
4.6223,-1.916
4.6061,-1.9154
4.59,-1.9147
4.5739,-1.914
4.5578,-1.9132
4.5417,-1.9125
4.5257,-1.9118
4.5097,-1.911
4.4937,-1.9102
4.4777,-1.9094
4.4618,-1.9086
4.4458,-1.9078
4.43,-1.907
4.4141,-1.9062
4.3983,-1.9053
4.3825,-1.9045
4.3667,-1.9036
4.3509,-1.9027
4.3352,-1.9018
4.3195,-1.9009
4.3038,-1.9
4.2882,-1.899
4.2726,-1.8981
4.257,-1.8971
4.2414,-1.8961
4.2259,-1.8952
4.2104,-1.8942
4.1949,-1.8931
4.1795,-1.8921
4.164,-1.8911
4.1486,-1.89
4.1333,-1.889
4.1179,-1.8879
4.1026,-1.8868
4.0873,-1.8857
4.072,-1.8846
4.0568,-1.8835
4.0416,-1.8823
4.0264,-1.8812
4.0113,-1.88
3.9961,-1.8788
3.981,-1.8776
3.966,-1.8764
3.9509,-1.8752
3.9359,-1.874
3.9209,-1.8728
3.906,-1.8715
3.891,-1.8703
3.8761,-1.869
3.8612,-1.8677
3.8464,-1.8664
3.8316,-1.8651
3.8168,-1.8637
3.802,-1.8624
3.7873,-1.8611
3.7726,-1.8597
3.7579,-1.8583
3.7432,-1.8569
3.7286,-1.8555
3.714,-1.8541
3.6994,-1.8527
3.6849,-1.8512
3.6704,-1.8498
3.6559,-1.8483
3.6415,-1.8468
3.627,-1.8454
3.6126,-1.8439
3.5983,-1.8423
3.5839,-1.8408
3.5696,-1.8393
3.5553,-1.8377
3.5411,-1.8362
3.5268,-1.8346
3.5126,-1.833
3.4985,-1.8314
3.4843,-1.8298
3.4702,-1.8281
3.4561,-1.8265
3.4421,-1.8249
3.4281,-1.8232
3.4141,-1.8215
3.4001,-1.8198
3.3861,-1.8181
3.3722,-1.8164
3.3583,-1.8147
3.3445,-1.8129
3.3307,-1.8112
3.3169,-1.8094
3.3031,-1.8077
3.2894,-1.8059
3.2757,-1.8041
3.262,-1.8022
3.2483,-1.8004
3.2347,-1.7986
3.2211,-1.7967
3.2076,-1.7949
3.194,-1.793
3.1805,-1.7911
3.1671,-1.7892
3.1536,-1.7873
3.1402,-1.7854
3.1268,-1.7834
3.1135,-1.7815
3.1001,-1.7795
3.0868,-1.7775
3.0736,-1.7756
3.0603,-1.7736
3.0471,-1.7715
3.0339,-1.7695
3.0208,-1.7675
3.0077,-1.7654
2.9946,-1.7634
2.9815,-1.7613
2.9685,-1.7592
2.9555,-1.7571
2.9425,-1.755
2.9296,-1.7529
2.9167,-1.7508
2.9038,-1.7486
2.8909,-1.7464
2.8781,-1.7443
2.8653,-1.7421
2.8526,-1.7399
2.8398,-1.7377
2.8271,-1.7355
2.8145,-1.7332
2.8018,-1.731
2.7892,-1.7287
2.7766,-1.7265
2.7641,-1.7242
2.7516,-1.7219
2.7391,-1.7196
2.7266,-1.7173
2.7142,-1.7149
2.7018,-1.7126
2.6894,-1.7102
2.6771,-1.7079
2.6648,-1.7055
2.6525,-1.7031
2.6402,-1.7007
2.628,-1.6983
2.6158,-1.6958
2.6037,-1.6934
2.5916,-1.6909
2.5795,-1.6885
2.5674,-1.686
2.5554,-1.6835
2.5434,-1.681
2.5314,-1.6785
2.5195,-1.676
2.5076,-1.6734
2.4957,-1.6709
2.4838,-1.6683
2.472,-1.6658
2.4602,-1.6632
2.4485,-1.6606
2.4368,-1.658
2.4251,-1.6553
2.4134,-1.6527
2.4018,-1.6501
2.3902,-1.6474
2.3786,-1.6447
2.3671,-1.642
2.3556,-1.6393
2.3441,-1.6366
2.3327,-1.6339
2.3212,-1.6312
2.3099,-1.6284
2.2985,-1.6257
2.2872,-1.6229
2.2759,-1.6201
2.2647,-1.6174
2.2534,-1.6146
2.2422,-1.6117
2.2311,-1.6089
2.2199,-1.6061
2.2088,-1.6032
2.1978,-1.6004
2.1867,-1.5975
2.1757,-1.5946
2.1648,-1.5917
2.1538,-1.5888
2.1429,-1.5859
2.132,-1.5829
2.1212,-1.58
2.1104,-1.577
2.0996,-1.574
2.0888,-1.5711
2.0781,-1.5681
2.0674,-1.5651
2.0568,-1.562
2.0462,-1.559
2.0356,-1.556
2.025,-1.5529
2.0145,-1.5499
2.004,-1.5468
1.9935,-1.5437
1.9831,-1.5406
1.9727,-1.5375
1.9623,-1.5343
1.952,-1.5312
1.9417,-1.5281
1.9314,-1.5249
1.9212,-1.5217
1.9109,-1.5185
1.9008,-1.5154
1.8906,-1.5121
1.8805,-1.5089
1.8704,-1.5057
1.8604,-1.5025
1.8504,-1.4992
1.8404,-1.4959
1.8304,-1.4927
1.8205,-1.4894
1.8106,-1.4861
1.8008,-1.4827
1.791,-1.4794
1.7812,-1.4761
1.7714,-1.4727
1.7617,-1.4694
1.752,-1.466
1.7423,-1.4626
1.7327,-1.4592
1.7231,-1.4558
1.7136,-1.4524
1.704,-1.449
1.6945,-1.4455
1.6851,-1.4421
1.6756,-1.4386
1.6662,-1.4351
1.6569,-1.4316
1.6475,-1.4281
1.6382,-1.4246
1.629,-1.4211
1.6197,-1.4176
1.6105,-1.414
1.6014,-1.4105
1.5922,-1.4069
1.5831,-1.4033
1.5741,-1.3997
1.565,-1.3961
1.556,-1.3925
1.547,-1.3889
1.5381,-1.3852
1.5292,-1.3816
1.5203,-1.3779
1.5115,-1.3743
1.5027,-1.3706
1.4939,-1.3669
1.4852,-1.3632
1.4765,-1.3595
1.4678,-1.3557
1.4591,-1.352
1.4505,-1.3482
1.4419,-1.3445
1.4334,-1.3407
1.4249,-1.3369
1.4164,-1.3331
1.408,-1.3293
1.3996,-1.3255
1.3912,-1.3216
1.3828,-1.3178
1.3745,-1.3139
1.3663,-1.3101
1.358,-1.3062
1.3498,-1.3023
1.3416,-1.2984
1.3335,-1.2945
1.3254,-1.2906
1.3173,-1.2866
