 index   name  length   s     betx   alfx   phixetax   etaxp  betz   alfz   phiz   etaz   etazp    x      xp     z      zp
   1    DEBUT   0.00   0.00   4.77   0.01   0.00 -6185.73 -323.74  -2.37  -0.50   0.50 -231.07 -188.49  -0.01  -0.00  -0.00  -0.00
   2       RF   0.00   0.00   4.77   0.01   0.00 -6185.73 -323.74  -2.37  -0.50   0.50 -231.07 -188.49  -0.01  -0.00  -0.00  -0.00
   3     SD5B   0.74   0.00   4.77   0.01   0.00 -6185.73 -323.74  -2.37  -0.50   0.50 -231.07 -188.49  -0.01  -0.00  -0.00  -0.00
   4     BPMx   0.00   0.74   4.87  -0.14   0.02 -6425.30 -323.74  -1.93  -0.11   0.44 -370.55 -188.49  -0.01  -0.00  -0.00  -0.00
   5     BPMz   0.00   0.74   4.87  -0.14   0.02 -6425.30 -323.74  -1.93  -0.11   0.44 -370.55 -188.49  -0.01  -0.00  -0.00  -0.00
   6      SD5   0.06   0.74   4.87  -0.14   0.02 -6425.30 -323.74  -1.93  -0.11   0.44 -370.55 -188.49  -0.01  -0.00  -0.00  -0.00
   7      QP1   0.15   0.80   4.89  -0.16   0.03 -6444.73 -323.74  -1.91  -0.08   0.44 -381.86 -188.49  -0.01  -0.00  -0.00  -0.00
   8      SD2   0.21   0.95   5.46  -3.78   0.03 -6822.84 -4760.48  -1.72  -1.20   0.43 -389.67  85.20  -0.01  -0.00  -0.00   0.00
   9      QP2   0.15   1.16   7.17  -4.36   0.04 -7822.54 -4760.48  -1.27  -0.90   0.40 -371.78  85.20  -0.01  -0.00  -0.00   0.00
  10     SD31   0.75   1.31   6.97   5.61   0.04 -7699.26 6375.58  -1.28   0.97   0.38 -391.30 -349.98  -0.01   0.01  -0.00  -0.00
  11     BEND   0.28   2.06   1.16   2.10   0.08 -2893.67 6375.58  -3.60   2.10   0.33 -655.10 -349.98  -0.00   0.01  -0.00  -0.00
  12    SD3S2   0.12   2.34   0.13   0.83   0.19 -459.14 10321.81  -5.14   3.65   0.32 -772.21 -510.41  -0.00   0.01  -0.00  -0.00
  13      SX1   0.00   2.47   0.12  -0.79   0.41  831.08 10321.81  -6.10   3.99   0.31 -836.01 -510.41   0.00   0.01  -0.00  -0.00
  14     HCOR   0.00   2.47   0.12  -0.79   0.41  831.09 10321.76  -6.10   3.93   0.31 -836.01 -501.79   0.00   0.01  -0.00  -0.00
  15     VCOR   0.00   2.47   0.12  -0.79   0.41  831.10 8984.62  -6.10   3.93   0.31 -836.01 -501.79   0.00   0.01  -0.00  -0.00
  16     SD3S   0.07   2.47   0.12  -0.79   0.41  831.11 8984.62  -6.10   3.93   0.31 -836.01 -501.79   0.00   0.01  -0.00  -0.00
  17     QP31   0.15   2.54   0.32  -1.77   0.47  1504.95 8984.62  -6.70   4.13   0.31 -873.65 -501.79   0.00   0.01  -0.00  -0.00
  18     SD3S   0.07   2.69   1.36  -5.82   0.51  3123.17 13077.10  -6.12  -7.62   0.31 -829.73  1074.12   0.00   0.01  -0.00   0.00
  19      SX3   0.00   2.77   2.38  -7.74   0.52  4103.95 13077.10  -5.04  -6.90   0.31 -749.17  1074.12   0.00   0.01  -0.00   0.00
  20     HCOR   0.00   2.77   2.38  -7.80   0.52  4103.96 13127.82  -5.03  -7.02   0.31 -749.17  1093.27   0.00   0.01  -0.00   0.00
  21     VCOR   0.00   2.77   2.38  -7.80   0.52  4103.98 13268.52  -5.03  -7.02   0.31 -749.16  1093.27   0.00   0.01  -0.00   0.00
  22    SD3S1   0.14   2.77   2.38  -7.80   0.52  4103.99 13268.52  -5.03  -7.02   0.31 -749.16  1093.27   0.00   0.01  -0.00   0.00
  23     QP41   0.15   2.90   4.96 -11.30   0.52  5895.24 13268.52  -3.32  -5.67   0.30 -601.57  1093.27   0.01   0.01  -0.00   0.00
  24   SD1S1B   0.06   3.05   7.57  -4.99   0.53  7259.03 4620.46  -2.32  -1.45   0.29 -491.54  397.50   0.01   0.00  -0.00   0.00
  25     BPMx   0.00   3.11   8.18  -5.20   0.53  7536.26 4620.46  -2.15  -1.37   0.29 -467.69  397.50   0.01   0.00  -0.00   0.00
  26     BPMz   0.00   3.11   8.18  -5.20   0.53  7536.26 4620.46  -2.15  -1.37   0.29 -467.69  397.50   0.01   0.00  -0.00   0.00
  27    SD1S1   0.19   3.11   8.18  -5.20   0.53  7536.26 4620.46  -2.15  -1.37   0.29 -467.69  397.50   0.01   0.00  -0.00   0.00
  28      SX2   0.00   3.30  10.28  -5.85   0.53  8414.15 4620.46  -1.68  -1.11   0.27 -392.16  397.50   0.01   0.00  -0.00   0.00
  29     HCOR   0.00   3.30  10.28  -5.44   0.53  8414.15 4452.19  -1.68  -1.05   0.27 -392.16  381.78   0.01   0.00  -0.00   0.00
  30     VCOR   0.00   3.30  10.28  -5.44   0.53  8414.16 4651.07  -1.68  -1.05   0.27 -392.16  381.78   0.01   0.00  -0.00   0.00
  31     SD1S   0.07   3.30  10.28  -5.44   0.53  8414.16 4651.07  -1.68  -1.05   0.27 -392.16  381.78   0.01   0.00  -0.00   0.00
  32      QP4   0.15   3.38  11.12  -5.66   0.53  8762.99 4651.07  -1.53  -0.95   0.26 -363.53  381.78   0.01   0.00  -0.00   0.00
  33      SD2   0.21   3.53   9.13  17.37   0.53  7992.90 -14624.94  -1.79   2.88   0.25 -358.38 -311.23   0.01  -0.01  -0.00  -0.00
  34      QP3   0.15   3.74   3.30  10.41   0.54  4921.66 -14624.94  -3.22   3.97   0.23 -423.74 -311.23   0.00  -0.01  -0.00  -0.00
  35    SD2SB   0.04   3.89   1.63   2.17   0.55  3571.15 -3977.13  -3.10  -4.68   0.23 -433.78  181.92   0.00  -0.00  -0.00   0.00
  36     BPMx   0.00   3.93   1.46   2.03   0.56  3412.06 -3977.13  -2.73  -4.39   0.22 -426.50  181.92   0.00  -0.00  -0.00   0.00
  37     BPMz   0.00   3.93   1.46   2.03   0.56  3412.06 -3977.13  -2.73  -4.39   0.22 -426.50  181.92   0.00  -0.00  -0.00   0.00
  38     SD2S   0.20   3.93   1.46   2.03   0.56  3412.06 -3977.13  -2.73  -4.39   0.22 -426.50  181.92   0.00  -0.00  -0.00   0.00
  39     BEND   0.28   4.12   0.80   1.35   0.58  2636.52 -3977.13  -1.31  -2.94   0.21 -391.03  181.92   0.00  -0.00  -0.00   0.00
  40      SD0   0.10   4.40   0.14   0.51   0.72  874.50 -8107.87  -0.28  -0.90   0.13 -352.88  98.31   0.00  -0.01  -0.00   0.00
  41      SD0   0.10   4.50   0.13  -0.37   0.85  63.71 -8107.87  -0.16  -0.24   0.05 -343.05  98.31   0.00  -0.01  -0.00   0.00
  42     BEND   0.28   4.60   0.29  -1.25   0.93 -747.07 -8107.87  -0.18   0.41  -0.05 -333.22  98.31  -0.00  -0.01  -0.00   0.00
  43     SD2S   0.20   4.87   1.13  -1.14   1.01 -2546.22 -4231.68  -0.93   2.38  -0.17 -316.40  25.29  -0.00  -0.00  -0.00   0.00
  44     BPMx   0.00   5.07   1.65  -1.53   1.03 -3371.39 -4231.68  -2.13   3.77  -0.19 -311.47  25.29  -0.00  -0.00  -0.00   0.00
  45     BPMz   0.00   5.07   1.65  -1.53   1.03 -3371.39 -4231.68  -2.13   3.77  -0.19 -311.47  25.29  -0.00  -0.00  -0.00   0.00
  46    SD2SB   0.04   5.07   1.65  -1.53   1.03 -3371.39 -4231.68  -2.13   3.77  -0.19 -311.47  25.29  -0.00  -0.00  -0.00   0.00
  47      QP3   0.15   5.11   1.78  -1.61   1.03 -3540.66 -4231.68  -2.44   4.06  -0.19 -310.45  25.29  -0.00  -0.00  -0.00   0.00
  48      SD2   0.21   5.26   3.26  -9.57   1.04 -4958.26 -15294.41  -2.65  -2.86  -0.20 -273.96  444.98  -0.00  -0.02  -0.00   0.00
  49      QP4   0.15   5.47   8.53 -15.53   1.05 -8170.08 -15294.41  -1.60  -2.13  -0.22 -180.52  444.98  -0.01  -0.02  -0.00   0.00
  50     SD1S   0.07   5.62  10.17   5.88   1.05 -8973.95 4883.11  -1.50   1.42  -0.23 -153.31 -71.99  -0.01   0.00  -0.00  -0.00
  51      SX2   0.00   5.69   9.31   5.61   1.05 -8607.72 4883.11  -1.73   1.57  -0.24 -158.71 -71.99  -0.01   0.00  -0.00  -0.00
  52     HCOR   0.00   5.69   9.31   5.23   1.05 -8607.71 4706.69  -1.73   1.50  -0.24 -158.71 -65.48  -0.01   0.00  -0.00  -0.00
  53     VCOR   0.00   5.69   9.31   5.23   1.05 -8607.70 17275.46  -1.73   1.50  -0.24 -158.71 -65.48  -0.01   0.02  -0.00  -0.00
  54    SD1S1   0.19   5.69   9.31   5.23   1.05 -8607.68 17275.46  -1.73   1.50  -0.24 -158.71 -65.48  -0.01   0.02  -0.00  -0.00
  55     BPMx   0.00   5.88   7.43   4.65   1.06 -5325.35 17275.46  -2.37   1.86  -0.25 -171.15 -65.48  -0.01   0.02  -0.00  -0.00
  56     BPMz   0.00   5.88   7.43   4.65   1.06 -5325.35 17275.46  -2.37   1.86  -0.25 -171.15 -65.48  -0.01   0.02  -0.00  -0.00
  57   SD1S1B   0.06   5.88   7.43   4.65   1.06 -5325.35 17275.46  -2.37   1.86  -0.25 -171.15 -65.48  -0.01   0.02  -0.00  -0.00
  58     QP41   0.15   5.94   6.88   4.47   1.06 -4288.82 17275.46  -2.60   1.97  -0.26 -175.08 -65.48  -0.00   0.02  -0.00  -0.00
  59    SD3S1   0.14   6.09   4.52  10.24   1.06 -1371.10 20996.49  -3.85   6.91  -0.27 -202.49 -305.81  -0.00   0.02  -0.00  -0.00
  60      SX3   0.00   6.23   2.18   7.08   1.07  1463.42 20996.49  -5.94   8.62  -0.27 -243.77 -305.81   0.00   0.02  -0.00  -0.00
  61     HCOR   0.00   6.23   2.18   7.06   1.07  1463.44 21002.97  -5.94   8.57  -0.27 -243.77 -303.59   0.00   0.02  -0.00  -0.00
  62     VCOR   0.00   6.23   2.18   7.06   1.07  1463.45 -4871.08  -5.94   8.57  -0.27 -243.77 -303.59   0.00  -0.00  -0.00  -0.00
  63     SD3S   0.07   6.23   2.18   7.06   1.07  1463.45 -4871.08  -5.94   8.57  -0.27 -243.78 -303.59   0.00  -0.00  -0.00  -0.00
  64     QP31   0.15   6.30   1.26   5.31   1.08  1098.12 -4871.08  -7.30   9.51  -0.27 -266.54 -303.59   0.00  -0.00  -0.00  -0.00
  65     SD3S   0.07   6.45   0.30   1.60   1.12  486.30 -3470.04  -8.11  -4.58  -0.28 -274.71  197.16   0.00  -0.00  -0.00   0.00
  66      SX1   0.00   6.53   0.13   0.72   1.18  226.05 -3470.04  -7.44  -4.38  -0.28 -259.92  197.16   0.00  -0.00  -0.00   0.00
  67     HCOR   0.00   6.53   0.13   0.72   1.18  226.04 -3470.15  -7.44  -4.40  -0.28 -259.92  197.89   0.00  -0.00  -0.00   0.00
  68     VCOR   0.00   6.53   0.13   0.72   1.18  226.05 13342.73  -7.44  -4.40  -0.28 -259.92  197.89   0.00   0.01  -0.00   0.00
  69    SD3S2   0.12   6.53   0.13   0.72   1.18  226.06 13342.73  -7.44  -4.40  -0.28 -259.92  197.89   0.00   0.01  -0.00   0.00
  70     BEND   0.28   6.65   0.13  -0.76   1.38  1893.90 13342.73  -6.38  -4.06  -0.28 -235.19  197.89   0.00   0.01  -0.00   0.00
  71     SD31   0.75   6.93   1.06  -1.89   1.50  4660.32 5630.93  -4.68  -2.29  -0.29 -187.79  150.35   0.00   0.01  -0.00   0.00
  72      QP2   0.15   7.68   6.34  -5.12   1.54  8904.63 5630.93  -1.99  -1.28  -0.33 -74.46  150.35   0.01   0.01  -0.00   0.00
  73      SD2   0.21   7.83   6.53   3.95   1.55  8796.01 -7053.87  -2.02   1.53  -0.34 -56.32  95.72   0.01  -0.01  -0.00   0.00
  74      QP1   0.15   8.04   4.98   3.42   1.55  7314.70 -7053.87  -2.74   1.88  -0.35 -36.22  95.72   0.01  -0.01  -0.00   0.00
  75      SD5   0.06   8.19   4.47   0.11   1.56  6615.91 -2342.43  -3.03   0.01  -0.36 -18.75  135.23   0.01  -0.00  -0.00   0.00
  76     BPMx   0.00   8.25   4.46   0.10   1.56  6475.36 -2342.43  -3.03   0.02  -0.37 -10.64  135.23   0.01  -0.00  -0.00   0.00
  77     BPMz   0.00   8.25   4.46   0.10   1.56  6475.36 -2342.43  -3.03   0.02  -0.37 -10.64  135.23   0.01  -0.00  -0.00   0.00
  78     SD5B   0.74   8.25   4.46   0.10   1.56  6475.36 -2342.43  -3.03   0.02  -0.37 -10.64  135.23   0.01  -0.00  -0.00   0.00
  79     SEPT   0.00   8.99   4.44  -0.07   1.59  4741.96 -2342.43  -3.25   0.27  -0.40  89.43  135.23   0.00  -0.00   0.00   0.00
  80     SD5B   0.74   8.99   4.44  -0.07   1.59  4741.96 -2342.43  -3.25   0.27  -0.40  89.43  135.23   0.00  -0.00   0.00   0.00
  81     BPMx   0.00   9.73   4.67  -0.24   1.61  3008.57 -2342.43  -3.83   0.51  -0.44  189.50  135.23   0.00  -0.00   0.00   0.00
  82     BPMz   0.00   9.73   4.67  -0.24   1.61  3008.57 -2342.43  -3.83   0.51  -0.44  189.50  135.23   0.00  -0.00   0.00   0.00
  83      SD5   0.06   9.73   4.67  -0.24   1.61  3008.57 -2342.43  -3.83   0.51  -0.44  189.50  135.23   0.00  -0.00   0.00   0.00
  84      QP1   0.15   9.79   4.70  -0.25   1.61  2868.02 -2342.43  -3.89   0.53  -0.44  197.62  135.23   0.00  -0.00   0.00   0.00
  85      SD2   0.21   9.94   5.28  -3.76   1.62  2655.97 -508.90  -3.67  -1.99  -0.45  202.88 -65.68   0.00  -0.00   0.00  -0.00
  86      QP2   0.15  10.15   6.98  -4.36   1.62  2549.10 -508.90  -2.89  -1.71  -0.46  189.09 -65.68   0.00  -0.00   0.00  -0.00
  87     SD31   0.75  10.30   6.82   5.38   1.63  2199.72 -4068.39  -2.98   2.35  -0.46  199.16  202.29   0.00  -0.00   0.00   0.00
  88     BEND   0.28  11.06   1.21   2.07   1.67 -866.83 -4068.39  -7.78   4.01  -0.49  351.63  202.29  -0.00  -0.00   0.00   0.00
  89    SD3S2   0.12  11.33   0.15   0.94   1.77 -1625.47 -1134.77 -10.72   6.97  -0.49  418.48  288.85  -0.00  -0.00   0.00   0.00
  90      SX1   0.00  11.46   0.11  -0.68   1.99 -1767.31 -1134.77 -12.54   7.55  -0.50  454.59  288.85  -0.00  -0.00   0.00   0.00
  91     HCOR   0.00  11.46   0.11  -0.67   1.99 -1767.31 -1116.67 -12.54   7.83  -0.50  454.59  298.82  -0.00  -0.00   0.00   0.00
  92     VCOR   0.00  11.46   0.11  -0.67   1.99 -1767.32 -20088.73 -12.54   7.83  -0.50  454.59  298.82  -0.00  -0.02   0.00   0.00
  93     SD3S   0.07  11.46   0.11  -0.67   1.99 -1767.34 -20088.73 -12.54   7.83  -0.50  454.59  298.82  -0.00  -0.02   0.00   0.00
  94     QP31   0.15  11.53   0.29  -1.64   2.05 -3274.00 -20088.73 -13.74   8.20  -0.50  477.00  298.82  -0.00  -0.02   0.00   0.00
  95     SD3S   0.07  11.68   1.28  -5.54   2.10 -6879.55 -29067.12 -12.48 -15.83  -0.50  456.58 -564.90  -0.01  -0.03   0.00  -0.00
  96      SX3   0.00  11.76   2.25  -7.40   2.10 -9059.58 -29067.12 -10.22 -14.32  -0.50  414.22 -564.90  -0.01  -0.03   0.00  -0.00
  97     HCOR   0.00  11.76   2.25  -7.28   2.10 -9059.61 -28811.97 -10.22 -13.74  -0.50  414.22 -541.52  -0.01  -0.03   0.00  -0.00
  98     VCOR   0.00  11.76   2.25  -7.28   2.10 -9059.63 -4444.43 -10.22 -13.74  -0.50  414.22 -541.52  -0.01  -0.00   0.00  -0.00
  99    SD3S1   0.14  11.76   2.25  -7.28   2.10 -9059.63 -4444.43 -10.22 -13.74  -0.50  414.21 -541.52  -0.01  -0.00   0.00  -0.00
 100     QP41   0.15  11.89   4.65 -10.52   2.11 -9659.63 -4444.43  -6.84 -11.23  -0.50  341.11 -541.52  -0.01  -0.00   0.00  -0.00
 101   SD1S1B   0.06  12.04   7.07  -4.58   2.11 -9382.86 8074.75  -4.88  -2.68  -0.51  290.86 -139.27  -0.01   0.01   0.00  -0.00
 102     BPMx   0.00  12.10   7.63  -4.77   2.12 -8898.38 8074.75  -4.57  -2.58  -0.51  282.50 -139.27  -0.01   0.01   0.00  -0.00
 103     BPMz   0.00  12.10   7.63  -4.77   2.12 -8898.38 8074.75  -4.57  -2.58  -0.51  282.50 -139.27  -0.01   0.01   0.00  -0.00
 104    SD1S1   0.19  12.10   7.63  -4.77   2.12 -8898.38 8074.75  -4.57  -2.58  -0.51  282.50 -139.27  -0.01   0.01   0.00  -0.00
 105      SX2   0.00  12.29   9.56  -5.36   2.12 -7364.18 8074.75  -3.65  -2.26  -0.52  256.04 -139.27  -0.01   0.01   0.00  -0.00
 106     HCOR   0.00  12.29   9.56  -5.70   2.12 -7364.17 7945.73  -3.65  -2.39  -0.52  256.04 -148.25  -0.01   0.01   0.00  -0.00
 107     VCOR   0.00  12.29   9.56  -5.70   2.12 -7364.17 -4202.81  -3.65  -2.39  -0.52  256.04 -148.25  -0.01  -0.00   0.00  -0.00
 108     SD1S   0.07  12.29   9.56  -5.70   2.12 -7364.17 -4202.81  -3.65  -2.39  -0.52  256.04 -148.25  -0.01  -0.00   0.00  -0.00
 109      QP4   0.15  12.37  10.43  -5.96   2.12 -7679.38 -4202.81  -3.30  -2.25  -0.52  244.92 -148.25  -0.01  -0.00   0.00  -0.00
 110      SD2   0.21  12.52   8.73  15.96   2.12 -6998.14 13026.01  -3.77   5.73  -0.53  248.96  203.61  -0.01   0.01   0.00   0.00
 111      QP3   0.15  12.73   3.32   9.81   2.13 -4262.68 13026.01  -6.57   7.61  -0.53  291.72  203.61  -0.00   0.01   0.00   0.00
 112    SD2SB   0.04  12.88   1.79   1.70   2.14 -3050.53 3670.24  -6.18  -9.88  -0.54  267.12 -520.63  -0.00   0.00   0.00  -0.00
 113     BPMx   0.00  12.92   1.66   1.61   2.14 -2903.72 3670.24  -5.41  -9.24  -0.54  246.30 -520.63  -0.00   0.00   0.00  -0.00
 114     BPMz   0.00  12.92   1.66   1.61   2.14 -2903.72 3670.24  -5.41  -9.24  -0.54  246.30 -520.63  -0.00   0.00   0.00  -0.00
 115     SD2S   0.20  12.92   1.66   1.61   2.14 -2903.72 3670.24  -5.41  -9.24  -0.54  246.30 -520.63  -0.00   0.00   0.00  -0.00
 116     BEND   0.28  13.11   1.11   1.19   2.17 -2188.02 3670.24  -2.42  -6.13  -0.55  144.77 -520.63  -0.00   0.00   0.00  -0.00
 117      SD0   0.10  13.39   0.27   1.20   2.24 -633.53 6991.31  -0.29  -1.78  -0.60   5.34 -503.76  -0.00   0.01   0.00  -0.00
 118      SD0   0.10  13.49   0.12   0.30   2.33  65.60 6991.31  -0.08  -0.36  -0.71 -45.04 -503.76   0.00   0.01  -0.00  -0.00
 119     BEND   0.28  13.59   0.15  -0.59   2.47  764.73 6991.31  -0.15   1.06  -0.90 -95.41 -503.76   0.00   0.01  -0.00  -0.00
 120     SD2S   0.20  13.87   0.84  -1.36   2.59  2280.99 3408.11  -1.85   5.28  -0.99 -237.65 -541.19   0.00   0.00  -0.00  -0.00
 121     BPMx   0.00  14.06   1.50  -2.02   2.62  2945.57 3408.11  -4.50   8.33  -1.00 -343.18 -541.19   0.00   0.00  -0.00  -0.00
 122     BPMz   0.00  14.06   1.50  -2.02   2.62  2945.57 3408.11  -4.50   8.33  -1.00 -343.18 -541.19   0.00   0.00  -0.00  -0.00
 123    SD2SB   0.04  14.06   1.50  -2.02   2.62  2945.57 3408.11  -4.50   8.33  -1.00 -343.18 -541.19   0.00   0.00  -0.00  -0.00
 124      QP3   0.15  14.10   1.67  -2.16   2.62  3081.90 3408.11  -5.19   8.95  -1.00 -364.83 -541.19   0.00   0.00  -0.00  -0.00
 125      SD2   0.21  14.25   3.35 -10.50   2.63  4248.37 12658.92  -5.71  -5.95  -1.00 -375.54  403.09   0.00   0.01  -0.00   0.00
 126      QP4   0.15  14.46   9.22 -17.48   2.64  6906.74 12658.92  -3.49  -4.61  -1.01 -290.89  403.09   0.01   0.01  -0.00   0.00
 127     SD1S   0.07  14.61  11.21   5.78   2.64  7557.96 -4224.60  -3.27   2.95  -1.02 -264.27 -38.08   0.01  -0.00  -0.00  -0.00
 128      SX2   0.00  14.69  10.36   5.55   2.64  7241.12 -4224.60  -3.73   3.17  -1.02 -267.13 -38.08   0.01  -0.00  -0.00  -0.00
 129     HCOR   0.00  14.69  10.36   5.91   2.64  7241.11 -4349.33  -3.73   3.30  -1.02 -267.13 -47.30   0.01  -0.00  -0.00  -0.00
 130     VCOR   0.00  14.69  10.36   5.91   2.64  7241.11 -3474.20  -3.73   3.30  -1.02 -267.13 -47.30   0.01  -0.00  -0.00  -0.00
 131    SD1S1   0.19  14.69  10.36   5.91   2.64  7241.10 -3474.20  -3.73   3.30  -1.02 -267.13 -47.30   0.01  -0.00  -0.00  -0.00
 132     BPMx   0.00  14.88   8.24   5.25   2.64  6581.01 -3474.20  -5.10   3.90  -1.03 -276.12 -47.30   0.01  -0.00  -0.00  -0.00
 133     BPMz   0.00  14.88   8.24   5.25   2.64  6581.01 -3474.20  -5.10   3.90  -1.03 -276.12 -47.30   0.01  -0.00  -0.00  -0.00
 134   SD1S1B   0.06  14.88   8.24   5.25   2.64  6581.01 -3474.20  -5.10   3.90  -1.03 -276.12 -47.30   0.01  -0.00  -0.00  -0.00
 135     QP41   0.15  14.94   7.62   5.04   2.64  6372.56 -3474.20  -5.58   4.09  -1.03 -278.95 -47.30   0.01  -0.00  -0.00  -0.00
 136    SD3S1   0.14  15.09   4.98  11.38   2.65  5259.81 -11121.71  -8.20  14.51  -1.03 -313.78 -424.58   0.01  -0.01  -0.00  -0.00
 137      SX3   0.00  15.22   2.39   7.85   2.65  3758.38 -11121.71 -12.59  17.99  -1.03 -371.10 -424.58   0.00  -0.01  -0.00  -0.00
 138     HCOR   0.00  15.22   2.39   7.79   2.65  3758.37 -11078.14 -12.59  17.70  -1.03 -371.10 -415.89   0.00  -0.01  -0.00  -0.00
 139     VCOR   0.00  15.22   2.39   7.79   2.65  3758.36 -11490.26 -12.59  17.70  -1.03 -371.10 -415.89   0.00  -0.01  -0.00  -0.00
 140     SD3S   0.07  15.22   2.39   7.79   2.65  3758.35 -11490.26 -12.59  17.70  -1.03 -371.10 -415.89   0.00  -0.01  -0.00  -0.00
 141     QP31   0.15  15.30   1.37   5.85   2.66  2896.58 -11490.26 -15.38  19.58  -1.04 -402.29 -415.89   0.00  -0.01  -0.00  -0.00
 142     SD3S   0.07  15.45   0.31   1.77   2.70  1495.87 -7606.19 -16.96 -10.07  -1.04 -408.56  334.28   0.00  -0.01  -0.00   0.00
 143      SX1   0.00  15.52   0.12   0.78   2.76  925.40 -7606.19 -15.48  -9.62  -1.04 -383.49  334.28   0.00  -0.01  -0.00   0.00
 144     HCOR   0.00  15.52   0.12   0.78   2.76  925.40 -7601.79 -15.48  -9.79  -1.04 -383.49  338.69   0.00  -0.01  -0.00   0.00
 145     VCOR   0.00  15.52   0.12   0.78   2.76  925.39 -8891.25 -15.48  -9.79  -1.04 -383.49  338.69   0.00  -0.01  -0.00   0.00
 146    SD3S2   0.12  15.52   0.12   0.78   2.76  925.38 -8891.25 -15.48  -9.79  -1.04 -383.49  338.69   0.00  -0.01  -0.00   0.00
 147     BEND   0.28  15.65   0.13  -0.86   2.98 -186.03 -8891.25 -13.13  -9.01  -1.04 -341.15  338.69  -0.00  -0.01  -0.00   0.00
 148     SD31   0.75  15.92   1.18  -2.13   3.09 -2344.48 -5912.67  -9.30  -5.27  -1.04 -258.12  271.33  -0.00  -0.01  -0.00   0.00
 149      QP2   0.15  16.68   7.04  -5.64   3.13 -6801.15 -5912.67  -3.11  -2.94  -1.07 -53.60  271.33  -0.01  -0.01  -0.00   0.00
 150      SD2   0.21  16.83   7.24   4.42   3.13 -6966.82 3742.18  -2.87   1.23  -1.07 -40.25 -90.19  -0.01   0.00  -0.00  -0.00
 151      QP1   0.15  17.04   5.51   3.83   3.14 -6180.96 3742.18  -3.42   1.41  -1.08 -59.19 -90.19  -0.01   0.00  -0.00  -0.00
 152      SD5   0.06  17.19   4.92   0.18   3.14 -5926.74 -323.74  -3.50  -0.92  -1.09 -80.27 -188.49  -0.01  -0.00  -0.00  -0.00
 153     BPMx   0.00  17.25   4.90   0.17   3.15 -5946.16 -323.74  -3.39  -0.88  -1.09 -91.58 -188.49  -0.01  -0.00  -0.00  -0.00
 154     BPMz   0.00  17.25   4.90   0.17   3.15 -5946.16 -323.74  -3.39  -0.88  -1.09 -91.58 -188.49  -0.01  -0.00  -0.00  -0.00
 155     SD5B   0.74  17.25   4.90   0.17   3.15 -5946.16 -323.74  -3.39  -0.88  -1.09 -91.58 -188.49  -0.01  -0.00  -0.00  -0.00
 156      End   0.00  17.99   4.77   0.01   3.17 -6185.73 -323.74  -2.37  -0.50  -1.14 -231.07 -188.49  -0.01  -0.00  -0.00  -0.00
